(-0.152614723711074,-0.77636556802278)
(-0.610262005609482,-0.304165889168327)
(-0.51744839343679,-0.427427356344967)
(-0.498227339193062,-0.427107899802378)
(0.087219386111215,0.484296183881527)
(-0.415909003163545,0.374991307929141)
(-0.512062651488904,0.132113295494703)
(-0.554399793789717,0.230376428967896)
(-0.504522615241862,0.214859079906411)
(-0.217594327193223,0.399780559369068)
(-0.236907499966574,0.341806826776389)
(-0.0234675371088076,0.379434191819316)
(0.270894462560273,0.11355580635202)
(0.242273402284158,0.128518313474932)
(0.204159328694528,0.0337603378707047)
(-0.122628390483314,0.256945834044474)
(-0.160169809356999,0.105926762535281)
(-0.143339563032192,0.129106934190985)
(-0.0185819884090237,0.118070541847307)
(-0.0648617982504303,0.0549157877608428)
(-0.0256769386777894,0.0866327493832837)
(-0.0109276474706647,0.0735402696405899)
(0.0196759435828696,0.0484362149167199)
(0.0351744893538449,0.0172501146174666)
(0.0309644529701792,0.00371993149076922)
(0.0297437980001111,-0.000571268426580528)
(0.00615129616242108,-0.0201322072943312)
(0.0193452214153958,0.0139462922816293)
(-0.017313304303647,0.000846213454743677)
(0.0041591986121911,0.0134684513265243)
(0.00912956667629719,-0.00688378861718794)
(0.000342585778004468,-0.000108562765657999)
(-0.000172652766188549,-7.02984723241845e-05)
(-3.29144801664384e-05,0.000161516658428137)
(5.67925822010401e-07,0.000103650312408825)
(-9.98657885622849e-05,-4.04735856467112e-06)
(-5.13012485400147e-05,5.23336542507006e-05)
(-7.23187720475244e-05,2.00874242069762e-05)
(-2.69774311454925e-05,5.62969287135048e-05)
(2.25689948763851e-05,5.47593505057449e-05)
(1.29659015435323e-05,5.68073265489488e-05)
(3.35870517037746e-05,2.27334865778017e-06)
(2.42718093614827e-05,2.81767635826047e-05)
(-1.28313892211603e-05,3.31406601795281e-05)
(-5.53372510706107e-06,3.40773460579451e-05)
(1.05051101604647e-06,3.52390748604275e-05)
(-6.55523195057819e-07,2.76139734181244e-05)
(2.33740021688332e-05,1.56272051939463e-05)
(1.53448472448239e-05,-4.38098226058532e-06)
(1.40468262120482e-05,1.64593266626938e-05)
(1.46118040348769e-05,1.479654767257e-05)
(1.33682581232838e-05,1.38758598001816e-05)
(4.66842391795046e-06,1.71362632141114e-05)
(-1.1130078775882e-05,-7.1382058643563e-06)
(3.60502754192482e-06,-1.14101635769162e-05)
(-1.94988175258885e-06,1.33438382056243e-05)
(3.15996438855148e-07,-9.24784711166038e-06)
(7.54191537420504e-06,-3.03323351985156e-06)
(4.41042258958655e-06,5.11993446663162e-06)
(1.55915542064739e-06,-5.18432843087934e-06)
(5.42932681677343e-06,-1.07313318418313e-06)
(3.22052280334238e-06,4.6885929860463e-07)
(-3.7954239876634e-20,-5.15796226963386e-19)
(-5.0634972679098e-20,3.81265236270285e-20)
(-2.7430406359916e-32,8.19853277329541e-32)
(7.17799713375413e-32,-5.03511392060902e-33)
(2.86486946388995e-32,-6.49235155013877e-32)
(-2.51263235796373e-32,-5.36832082578897e-32)
(4.19992623081751e-32,3.76855940008816e-32)
(-1.82652076498158e-32,2.19172380259877e-32)
(1.09675049847313e-32,-2.42274941958259e-32)
(1.94225356639358e-32,-1.09571045343024e-32)
(-1.95287151895554e-32,-6.86627314135524e-33)
(9.50926160955016e-33,1.77178396131729e-32)
(1.81258818973327e-32,4.39976721975816e-33)
(-4.59204728709315e-33,1.20403847385901e-32)
(-6.29134585219102e-34,-1.10916025309778e-32)
(1.02131903581684e-32,-2.76783757360894e-33)
(-1.02775266880701e-32,3.29496920519115e-33)
(-6.20262621477445e-33,7.96218779312553e-33)
(5.01480922189092e-33,-2.49106635540362e-33)
(-1.38756731014167e-33,-4.80746861817509e-33)
(-4.81385850602084e-33,-6.00313639114152e-34)
(2.55657504544209e-33,-3.9134382305351e-33)
(2.73906222136922e-33,2.37011088517079e-33)
(-6.85421569256059e-34,3.85583907644586e-33)
(-1.42360211538223e-33,3.69680419947233e-33)
(1.79370258463558e-33,2.33194641035583e-33)
(-1.06598144862307e-33,-2.48401164584541e-33)
(-2.43452167086485e-33,5.47156517029537e-34)
(3.99571391128158e-34,-2.05674241736041e-33)
(1.12175342415772e-33,1.63447562922862e-33)
(-1.58678764657314e-33,-4.1336425585302e-34)
(-8.07574894169899e-35,-1.51093765498863e-33)
(1.22766711576497e-33,-7.32517791747026e-35)
(-1.04323337166184e-34,1.05203086318766e-33)
(-6.06823756081749e-34,7.93687755688159e-34)
(2.96380349820129e-34,-4.7837240570278e-34)
(-3.57888804452928e-34,-2.87487259327526e-34)
(3.59539065850919e-34,6.01195932734287e-35)
(-4.61412868195194e-35,-2.69117393876618e-34)
(1.38364541646542e-34,1.97980467396261e-34)
(8.47013616707223e-35,-1.76529581592361e-34)
(-1.61609007287638e-34,-3.19598721056318e-35)
(-1.02936394333135e-34,6.83658525455796e-35)
(-6.56225907934e-35,8.34031548914556e-35)
(5.83748862786349e-35,6.91820736414963e-35)
(3.25668222706769e-35,-3.08175755811061e-35)
(-3.64311015334843e-35,2.15391859399671e-35)
(-1.79396833620511e-35,-1.24453425113353e-35)
(1.6176066604487e-35,-9.39951298229484e-36)
(-3.04031982224669e-36,1.79251660334323e-35)
(-1.37478733206637e-35,-6.86919127871738e-36)
(1.62468398949557e-36,-1.20129789391381e-35)
(9.52973867272535e-36,3.66633405349702e-36)
(5.10123298922167e-36,5.9967533848868e-36)
(-6.97165680475011e-36,1.42589691141933e-36)
(-3.95103265396817e-36,4.93017517717146e-36)
(8.98556474592842e-37,5.7681861662786e-36)
(4.23054613471574e-36,-1.89946039193533e-36)
(1.13022373424828e-36,-4.18195201909313e-36)
(4.29106056204334e-36,6.29720493485612e-37)
(-5.13195714167416e-37,4.17195679897384e-36)
(-3.20497459610795e-36,8.31186509114631e-38)
(-4.47952670405618e-37,-3.03047170662203e-36)
(2.25443242499057e-36,1.52953085201851e-36)
(1.86385666371015e-36,-1.42101403905352e-36)
(1.31856900706639e-36,1.57142294241069e-36)
(-1.94846300154676e-36,4.31618230519329e-37)
(-1.30296547224104e-36,-1.26500623523788e-36)
(-1.54108086397633e-36,8.8170802424146e-37)
(2.79699265404613e-37,9.25369624109024e-37)
(-4.77945204626933e-37,7.49765580849784e-37)
(-2.24812011239994e-37,-7.43677384757184e-37)
(2.18160427422304e-37,-7.40669064937925e-37)
(6.54835342533149e-37,-3.25772700125887e-37)
(-7.3274850581045e-37,6.08039894607432e-38)
(5.63459828620063e-37,2.97248870227196e-37)
(-1.78672880425842e-37,-4.26033826880517e-37)
(-4.93438207022596e-37,1.20757606320306e-38)
(4.39211743690342e-37,1.77693738477209e-38)
(-3.8196272853132e-37,-4.19658140993531e-39)
(8.5959155159161e-38,3.22515524477825e-37)
(-9.05874451541237e-38,2.91474957497506e-37)
(1.71486704906788e-37,1.02575440902492e-37)
(6.7817552818802e-38,-1.45917387281448e-37)
(-6.47903326967722e-38,-8.06400109515997e-38)
(6.49351512885518e-38,-7.42105483604469e-38)
(1.51411184000427e-38,7.08144318442187e-38)
(-4.07963812850505e-38,2.55391834617974e-38)
(6.04532185972588e-38,4.26517152409069e-39)
(4.59914577174842e-38,2.15141396491498e-38)
(1.09528254140471e-38,2.82371084553354e-38)
(8.3062383520685e-39,-2.4416242270131e-38)
(-1.50539310984081e-38,3.85602623536248e-39)
(7.03487491530703e-39,2.90897821456485e-39)
(6.03731939715448e-40,-5.5944644624848e-39)
(2.685856590214e-39,-2.32140977878119e-39)
(-1.58887265578309e-39,-3.19326901545953e-40)
(3.35084668009797e-40,-5.26437568871456e-40)
