(-0.75110465469193,-0.293516842858515)
(-0.635044450006913,-0.100406737966322)
(-0.660523398799914,-0.04675720768732)
(-0.639944350685244,0.00628534281529725)
(-0.557708536665674,0.23239492365686)
(-0.607885047822067,0.411883019151687)
(-0.580690727097821,0.374220325053835)
(-0.518493238063077,0.455917141359246)
(0.46556911630739,-0.308974627753402)
(-0.306383126791631,0.553556962845483)
(-0.169628338943632,0.654963449582767)
(-0.198295365419152,0.645932667345529)
(-0.343227280287237,0.402664054853645)
(-0.176814358943149,0.610184258733359)
(-0.099357772003244,0.633894460426676)
(-0.0531248281703335,0.611007910913321)
(-0.207425087104801,0.504149526554832)
(-0.19604504391728,0.517293223591348)
(0.360261570662012,-0.316296678809192)
(0.381011687933984,-0.288557475298349)
(0.5946812544799,0.220466933107593)
(0.45961430363088,-0.186986909144913)
(0.201051318889047,-0.34505780824487)
(0.272118597051619,-0.299964372674203)
(0.299411876958942,0.597148321705316)
(0.344073261625045,0.552278933278608)
(0.49015590454849,-0.102269188268701)
(0.160684062875716,-0.313720682335639)
(-0.0585122399378925,-0.253361154392556)
(0.189855269431283,0.622999014183275)
(0.399381330913368,0.491101613763869)
(0.477354431005136,-0.0762568401267277)
(0.534422180910206,0.167889135554781)
(0.386281940857869,0.451803506689054)
(0.181095155191835,0.599390946859988)
(0.289894162720142,0.541199879046492)
(0.503894863948103,0.303246277630083)
(0.0938887949449205,0.563095432511147)
(0.0732957143468688,-0.276067764673184)
(0.262467204645755,0.520541999184069)
(0.481135698526891,0.295450579017981)
(0.437173985468394,0.35017096567478)
(0.507404826518988,0.227562478702556)
(0.494732622185593,0.260658724940246)
(-0.127323965833595,0.440520831200507)
(0.136549851442674,0.541274047674404)
(0.162071779800188,0.528194931351598)
(0.143460399057281,0.517134999535437)
(0.107727680262379,0.48358108102261)
(0.454073523956806,0.256479615819256)
(-0.0673411381652449,0.393568509294241)
(0.365240830194802,0.305301069572113)
(-0.139459456266273,-0.108747409340779)
(0.263059564181482,0.418862119266114)
(0.0119953056415864,0.390220318056709)
(0.291684091791787,0.36802599916386)
(0.322957436582155,0.0027606123356014)
(0.341690667549422,0.174941763925796)
(0.0655185679511679,0.278822663824544)
(-0.00563287000896024,0.240653800449751)
(0.235153714157901,0.150056877155052)
(0.185594847394023,0.258174787667202)
(0.162365912568344,0.211793408645442)
(0.0170176902151678,0.183929467913048)
(0.235031024930421,0.184585527258166)
(0.12396738754479,-0.0540918050490052)
(0.114056177766135,-0.0351187061063355)
(0.080850661039946,0.190014555280627)
(0.195189185775774,0.132452272852798)
(0.174423985438736,0.0179534702919505)
(0.155106907087373,0.019843004282833)
(0.185948451278379,0.045674763420169)
(0.150390047269985,0.137675597394272)
(0.158310259103706,0.155968315094401)
(0.184332093350367,0.180658407853685)
(0.0995994436405868,0.119385519972421)
(0.102760066442844,0.0148856862293322)
(0.116739191948695,0.0621678596267563)
(0.188441936995709,0.101600176663086)
(0.104398233395244,0.0556804330178032)
(4.21918967261766e-05,-0.000196494952726104)
(9.25733475767652e-05,-0.000154306693825281)
(0.000187282143206322,2.5345363434313e-05)
(-0.000147854564857613,3.46634368649197e-05)
(-0.0001036250873251,0.000143002052467922)
(-0.000100585427755269,0.000146816891775524)
(-8.0795975247232e-05,0.000131876915163838)
(-5.12266604450846e-05,0.000146129944575205)
(-9.47131093229262e-05,9.5489860331363e-05)
(9.8453730493195e-06,0.000150698988708432)
(-9.9610835564948e-05,5.60706419957446e-05)
(-9.05997712200229e-05,4.49538828239375e-05)
(-8.33466328291435e-05,4.06314152110595e-05)
(-6.26326577971615e-08,0.000144777126748026)
(-5.36505921596537e-05,9.68974625397054e-05)
(-5.3142129570918e-05,9.32817539751153e-05)
(2.70169499275706e-05,-6.32826772332394e-05)
(2.33813241975415e-05,-6.40338062415172e-05)
(7.98244974779892e-05,0.000123354093451136)
(3.0951659497968e-05,0.000126986761108818)
(-2.18719707693426e-05,0.000117359851899014)
(-1.16682338080014e-05,0.000111085490872459)
(-1.06684460181919e-05,0.000115984126520767)
(3.88178429943875e-06,0.000118664955010284)
(7.95394554601427e-05,0.000101576084995797)
(6.00685961842701e-05,0.000112418426344624)
(6.20894988335533e-05,-5.52620937634297e-05)
(-4.57348902927457e-06,-3.42069572370257e-05)
(4.22325681746921e-05,0.000107625011136502)
(-9.25753201193394e-06,8.64391259659302e-05)
(1.06601805498478e-05,9.7534580497259e-05)
(5.22133340277375e-05,9.65159639389286e-05)
(7.35494654215067e-05,8.1219551095829e-05)
(1.95083077704706e-05,-4.21338443687027e-05)
(3.8872394990551e-06,-3.1366972976563e-05)
(2.5088704280672e-06,-2.72225113042257e-05)
(2.65949826611862e-05,9.37242219251768e-05)
(5.12481405200716e-05,8.73639807839285e-05)
(9.54692866130826e-05,7.25587606080242e-06)
(1.49306526672477e-05,-2.76529619024915e-05)
(6.70251878801477e-05,-2.72045563802665e-05)
(9.51100644110519e-05,4.4157006962672e-05)
(4.34951915825464e-05,-2.87187398262276e-05)
(8.94449434058051e-05,4.62555589607626e-05)
(2.64569871346335e-05,8.27360601205038e-05)
(4.19485043357297e-05,7.69554815799738e-05)
(4.45893905252175e-05,7.5743257315052e-05)
(8.02736933840445e-07,2.98621489814871e-05)
(2.85790692701887e-05,-2.44201135930322e-05)
(5.35790956413648e-05,-2.27261989518026e-05)
(2.06136365990691e-05,-1.74479555559634e-05)
(7.43378168674662e-05,5.31133948729531e-05)
(2.82902310601835e-05,6.3961747393682e-05)
(1.25829767069523e-05,-4.11028027293706e-06)
(7.76773548110584e-05,4.44645207869106e-06)
(7.75314283658575e-05,4.35914091113848e-05)
(1.09786561462203e-05,2.06318277359005e-05)
(2.69430013918116e-05,-1.02684249379006e-05)
(6.84375236860166e-05,9.36485665306827e-07)
(7.80466807626149e-05,3.45380373162798e-05)
(4.12031013912528e-05,6.13867264215529e-05)
(1.66046444218315e-05,1.69038475890957e-05)
(7.20616165568601e-05,1.95511362319261e-05)
(7.48031557754264e-05,3.47116999123333e-05)
(4.62636266821919e-05,-1.04076680350003e-05)
(6.98057880204221e-05,9.16124354160253e-06)
(3.78752222904433e-05,-4.85333529020776e-06)
(3.65927023310557e-05,4.60384683637091e-05)
(7.39580053110583e-05,3.47709729419827e-05)
(5.95736708234782e-05,1.74387631871554e-05)
(3.64731568512372e-05,4.08913245010776e-05)
(2.74532829773533e-05,1.11291676829087e-06)
(5.82669685235847e-05,3.69354751060425e-05)
(5.86777089899965e-05,3.09588791592002e-05)
(4.73160197510653e-05,9.13084227169999e-06)
(4.30920557999131e-05,1.51552589488453e-06)
(4.53609630201072e-05,2.71995519844695e-05)
(4.21659286941527e-05,1.38081699647769e-05)
(5.41226358180276e-05,1.40021207021313e-05)
(4.33135095616507e-05,5.20022423829736e-06)
