(-0.302036484920816,-0.648095451534863)
(-0.504963314175479,0.378365863274111)
(-0.531267858872815,-0.353500230080489)
(-0.533110211215433,-0.349875312478496)
(0.0643807267519655,0.564427981872351)
(0.402613720890742,0.276454368761396)
(-0.237666771002101,0.371308572043709)
(-0.250936653181102,0.367590582055036)
(0.0612933523635396,-0.377822410396727)
(-0.352363863883551,0.16943166068192)
(0.190739041336154,0.348089567719991)
(0.0911916072089714,0.352599278994563)
(-0.322517890214279,0.168436774920689)
(0.173575899175284,0.318884677230464)
(0.34532180139095,0.0568080805384922)
(0.32765449714657,0.0864786305801647)
(-0.24920408816237,0.124796535264125)
(-0.271224505580386,-0.0117127963847553)
(-0.21224008277369,-0.166131462324766)
(-0.195519570735124,-0.18050110076672)
(-0.18952361221666,-0.174573728369035)
(-0.202390729510275,0.150994405014883)
(0.068279439915928,-0.213266400908964)
(0.199135616669505,-0.0737584822299082)
(-0.136645667810141,-0.169272213670476)
(0.0141496943523844,-0.201532589962441)
(0.139748783637113,-0.13669570789753)
(-0.155079222652178,0.143099330309063)
(0.0665275472227728,-0.183319700270312)
(0.166384768429168,0.0432477905025177)
(0.110373688238742,0.127336666229062)
(-0.176923614854965,-0.03078182091401)
(-0.121425645666427,-0.129675614095162)
(-0.0734943223357167,-0.132386700670396)
(0.0268515763185531,-0.143793897745869)
(0.0580672132349782,-0.132372721767991)
(0.121565569905781,-0.0527929972909788)
(-0.136552543488657,-0.055001985639935)
(-0.0637084297498558,-0.131114565368811)
(-0.0636205768002366,-0.124269232716123)
(-0.10948143018344,-0.0767658712767914)
(-0.107338577280107,-0.0723156228314876)
(0.0276404253899681,0.120119974507186)
(-0.099290205611086,0.0798257996770303)
(-0.103095981349749,0.0774883831748443)
(-0.109044622005326,-0.0655863504178059)
(0.0440537068163297,0.109759632465748)
(-0.110544022142899,-0.067963998428111)
(0.0106139910694289,0.113751933010261)
(0.00790039793495225,-0.110134326123102)
(-0.10275395163375,-0.05687293299339)
(0.0275260197953924,0.104036679744022)
(0.0820540418025199,0.0624070114021072)
(0.0877670583018389,0.0439778902745846)
(0.0697830572037185,-0.0623395484610671)
(0.0817586259867835,0.0523369318590218)
(0.0769488442726381,-0.0427342648999493)
(0.0875990074708854,0.00791702216036048)
(-0.0227402646675658,-0.084750324446185)
(0.00429800345985875,0.0865475590179416)
(-0.048721539615063,0.0763073322281493)
(-0.0498212227167026,0.0745318421278661)
(-0.0478979756653214,0.076051997452517)
(-0.0478085479446658,0.0738746150059908)
(0.0375290415830203,0.0733029842186535)
(0.0496686159397116,-0.0613103175752639)
(0.0729778573586954,0.0268365982560984)
(0.0749669897873317,0.0138807818701267)
(0.0385879466495744,0.070403291633521)
(-0.0453170135938589,0.0658909874454326)
(0.00970940378088701,-0.0766841354556276)
(-0.0710244930446739,0.035902942553531)
(0.0171579807411762,0.074593953755984)
(0.016853934022428,0.0736142957709735)
(0.0353764687331537,0.0643048901215899)
(0.0117538437562216,-0.0706077526380829)
(-0.0690258566028498,0.0355782223641807)
(-0.0607863024090671,0.0425235755782399)
(0.0359581736014212,0.0607662272205348)
(-0.0664009271806111,0.0336774535556248)
(0.0502266278635835,-0.0371272511872165)
(0.0658430577772531,0.0202725923194179)
(-0.0653602200075714,0.0351639873522233)
(0.0670185088951923,0.0133780573779089)
(0.0451873029260937,-0.0425582857105013)
(-0.0043031314588891,0.0612174769491714)
(0.043740180844648,0.0399871378447235)
(-0.0526633072305234,0.0358461335542604)
(-0.0354560138430602,-0.0540821442508856)
(-0.0256579389130683,-0.0573784318430462)
(-0.0548216510523155,-0.0283245747213364)
(-0.000424151571057881,-0.0534500183628606)
(0.0534744009039606,0.00736995234340467)
(-0.0508087710042422,0.0281901099394967)
(-0.0584227178040562,-0.000610941371123936)
(-0.0562937009468999,-0.022302712315279)
(-0.0558316290628286,-0.0221218556938499)
(0.0519655523847198,0.00591849741303514)
(-0.0404423227316881,-0.0372719773311209)
(-0.0456857206358339,-0.0303923303804998)
(-0.0562324657367692,-0.000972968591717279)
(0.0431618064720983,0.0309625832586878)
(-0.0429391469456085,-0.0359645222228144)
(-0.0416290114954205,-0.0345125275304303)
(-0.0476713965097432,0.0264049584115076)
(-0.0442780162510074,-0.0323636376703974)
(-0.0397721742373565,-0.0347253218473436)
(-0.0422920932813499,-0.0328246824435576)
(0.048736002365984,-0.0100310243455633)
(0.0453059739800946,-0.0156097532252783)
(0.0142242775961634,0.0478011724551603)
(0.0320940083329907,0.036490254516719)
(0.0194468459815026,0.0440995317539595)
(-0.0410165109556853,0.0312644754888334)
(0.030931936191546,0.0344396780380525)
(0.0406866015439899,0.0159062528511779)
(0.0258975701259092,0.036157309354558)
(-0.0253332470730893,0.038103777916855)
(-0.0345863923608526,-0.0333557285738833)
(-0.0290279513568272,0.0362184696681389)
(-0.0210671999693342,0.0390842706993398)
(0.0103299150700746,-0.0444292111453951)
(0.0278285131008207,-0.0310287104216951)
(-0.0351263217383384,0.0290984610468639)
(-0.0446851879897292,0.00292611337697294)
(0.0343913294305392,-0.0205980040855095)
(0.0368577849576906,-0.0157716971118525)
(0.0127708491595991,-0.0398590518018607)
(0.0377625519416894,0.0180406220350156)
(-0.0206928839284792,0.0379733208805196)
(-0.0313550230296602,-0.032475567515203)
(0.0171033921298982,-0.0359151362469935)
(-0.0284347075114815,-0.0336132273452872)
(0.00161630071915646,-0.0418055180538609)
(-0.0315462224274859,0.0307250358443289)
(0.0273736632579215,-0.0258841971853444)
(0.0309382764136569,0.0270580375278037)
(0.0114102286829735,-0.0375232322878721)
(-0.0298446130412344,0.0290464886942793)
(0.00843514827789726,0.0381374763102093)
(0.00315681720623143,-0.039875870279636)
(0.035650898377204,-0.00423624018138996)
(0.0350660183473364,0.00809677001771488)
(-0.0350451774403297,0.0201993020690997)
(0.00615844264780152,0.0376119264709716)
(0.0113996328597446,-0.0355894153875519)
(-0.000544584062405837,-0.0377704340799398)
(0.00349723360903859,0.0368760259653308)
(0.033935438211915,-0.000516164371341284)
(0.0277281253880323,0.0226402038297875)
(0.0045850447776485,-0.0365016981088484)
(0.0195746562309973,0.0289542752024067)
(-0.0303014391623574,0.0198739180064531)
(-0.0372409943866773,-0.00493802679836604)
(0.028658998132673,0.0168773533437411)
(-0.0320273660602857,0.0166353453803246)
(-0.0339647129781521,-0.0100283837161228)
(-0.0345580539743981,-0.00643627057148139)
(-0.0143170944815106,0.0297288499054605)
(0.0220429493154092,0.0227664023001447)
(0.026724411900533,0.0148060470252802)
(0.00512117663020732,-0.030682859081401)
(0.0186608937092012,0.0229708401438654)
(-0.0235821749889771,-0.024355490880244)
(-0.0166609963229938,-0.0275013292878987)
(-0.0296753837511864,-0.0138346705105907)
(-0.0270586546043492,0.0178676687820753)
(0.00559960261569766,-0.0279563503378864)
(-0.0259962473417195,0.0185273504083312)
(-0.0167544744593875,-0.0265678671112038)
(-0.0255065737181678,-0.0157983213993216)
(-0.00401512238983382,0.0285720277496624)
(-0.0305928304389999,0.00021494221538671)
(-0.0176413492999105,-0.0231576547990428)
(-0.0241964434182545,-0.0179376485087545)
(0.0259816238358547,-0.00143589331651944)
(0.00807243212760882,0.0251047177913489)
(-0.0247910949208863,0.0165904327610282)
(-0.0222393613987339,-0.0167850199286791)
(-0.0257912913106544,-0.0102607400640485)
(0.0111599144507765,-0.0245566819587341)
(-0.0194857499263944,0.0157027797014817)
(0.0097477574996925,0.0230589215067005)
(0.00731914203550599,0.022904842134789)
(-0.0158579253102424,0.0177740618487232)
(0.0125551656769511,0.0207157716543844)
(-0.0207907017631823,-0.0162774447776919)
(0.0209432700204415,-0.01282342519445)
(0.022716588856954,-0.0101201567676775)
(0.00603700997411753,0.0226684370130959)
(-0.0228104337504867,-0.0134511768548249)
(-0.0172885603103678,0.0148085618409587)
(-0.0231006083432847,-0.0127693091110873)
(0.0101808458259189,0.0204005798106731)
(-0.0160981236171832,0.0150748538287733)
(0.00245212480994291,-0.0252570924196911)
(0.0215301706248105,0.00693677691268107)
(-0.00670354062102402,0.0200995918875465)
(0.00438832554763692,-0.0240637654217356)
(0.0132910835018289,-0.0190590341706098)
(-0.0111460562557172,-0.0204986015889598)
(0.00126029636780737,0.0207731710363103)
(0.0194668276506517,0.00852054229359332)
(-0.0186824901093499,-0.0139450486462961)
(-0.00138844689562391,-0.0234684202660518)
(0.0012149461878933,-0.0233615546741795)
(0.0200313628223647,-0.00693186254832761)
(-0.0190859023122654,-0.0104100131519075)
(-0.0207689123223397,-0.00048479869888764)
(-0.0162193003242852,0.0100442937690065)
(-0.0168179709164451,-0.0124444879072883)
(0.0145468891047029,-0.0142553453798029)
(0.0191722402268897,0.00521433900677703)
(0.0196793991890231,0.00123404572226449)
(-0.0175258207806722,0.00677840940819591)
(0.0085176207844387,-0.0171799706741754)
(0.00143667598389327,-0.0208230729447026)
(-0.00384752961593755,0.0162149794899198)
(0.0023099133157511,0.0166948417812988)
(0.0163777815955646,0.00807783067831438)
(0.000595726288262303,-0.0196605147237561)
(0.0158720790904088,-0.00971505516969663)
(0.0140142258853623,0.00990234603424917)
(0.0154222527122429,-0.00767061221708806)
(-0.0174548506809826,-0.008121880699613)
(-0.0148547916901119,-0.011932632051218)
(0.013217739096134,-0.0122530453195329)
(0.000794172357010129,0.0162425741366601)
(-0.00497154959254468,-0.0176696977836079)
(0.00153562407753462,-0.0175053555151469)
(0.0127623684640317,-0.0115259719545519)
(-0.0112875101340865,-0.0139820810754664)
(-0.0166443056001381,0.00280594573564796)
(-0.0175226524119037,-0.00592095913828032)
(0.000199631295313618,-0.0176336779418131)
(0.0100640854375084,-0.013441744526267)
(-0.011393943615568,-0.0133656447461617)
(0.0110631197366555,0.0117631539203067)
(0.0164547300595902,0.00250642220392542)
(-0.0111085490097399,-0.0126241491345802)
(0.0105420087838854,0.0120382751863713)
(0.0168030313907883,0.0015920915176546)
(-0.00973891009910075,0.0120043696360724)
(-0.0046793460851857,-0.0163654989129562)
(-0.0157522544977286,-0.00456027984353266)
(0.0161943505332272,0.00164074755083538)
(0.014746575551326,-0.00438569572644831)
(-0.0159358696397157,-0.00520531928198428)
(0.00517467484077412,-0.0142213929233655)
(-0.0135239254920104,-0.00773577084332791)
(-0.0146769226873239,-0.00570315917916105)
(-0.00667306328220177,0.0141836570986693)
(-0.00791258842821268,0.0133856817508048)
(0.00958737214804786,-0.0115110310022529)
(-0.00583122172138002,-0.0127598303198181)
(-0.0137008128108831,0.00309890484344373)
(-0.0104424017816352,-0.00928152791054043)
(-0.00409587257367438,-0.0135277842830952)
(-0.00787056530245455,0.0122035636332448)
(-0.0073628144910702,0.0126932092864978)
(0.0104775667216609,-0.0100773951390513)
(0.0125179172916785,-0.00681157127015485)
(-0.012679070482853,-0.004122928755837)
(-0.00883093188159612,0.0107729789924041)
(-0.0106609849144193,0.00877726390054566)
(-0.0116824831694288,0.00776101177011005)
(0.0137207180012009,0.00495452142215346)
(0.00217169963136558,0.0133842476191905)
(0.00632037708009526,0.0126315694335246)
(0.00714117565695759,0.0121423964557138)
(-0.01109521891649,0.00734505553458259)
(0.0130647622491676,0.00543009712294831)
(-0.00081548504816523,-0.0130285412857487)
(-0.0114156498744377,0.00658010669242904)
(-0.0120681242010004,-0.00142644181710792)
(0.013385356183985,0.00254499851060048)
(0.00249774631031451,-0.0125523827393616)
(-0.00828059907340649,0.00899649604336199)
(-0.0111900766840683,0.00530095856180328)
(0.00596962115434521,-0.0108222548948796)
(0.00738953122711364,-0.00960844643953113)
(-0.00191159762062119,0.0118571344162456)
(-0.00081452770473602,0.0120699444954971)
(0.00990783078824262,0.00891682684116679)
(0.00894742887749756,-0.00805216479887932)
(-0.0112434014173685,-0.00300005425173562)
(0.00375897798815165,0.0115303445611404)
(0.000884555258828256,-0.0116964604772573)
(0.000295960167084786,-0.0113781892166562)
(0.00723190285010282,0.010118225584509)
(0.0119417569830164,-0.00103250965801437)
(0.00609638114998612,0.0101769028862403)
(0.00948288176427733,-0.00674066740009361)
(-0.00981054949724728,0.00650128604971104)
(0.0114008892149914,0.000205528739341373)
(0.00951850099890736,0.00707441623110597)
(0.0083740567648944,0.00863080697777546)
(0.00769012272236037,0.00849293173571187)
(0.00817695033325553,-0.00777110483342049)
(-0.0049002532125087,-0.0098635421081575)
(-0.00428424852230698,0.0104757674670688)
(-0.00450095322002121,-0.0102421973136316)
(0.0105059553639051,-0.00345890047106619)
(0.00996312041206592,0.00529483433855397)
(0.00992150395691929,0.00560117613605995)
(0.00629210336806535,0.00896816818878799)
(0.00966347729289685,0.00515167113559495)
(-0.00837414361836297,-0.00763099277507306)
(0.00167920263255404,-0.0103973865067873)
(-0.00450703761809069,-0.00992230161224802)
(-0.00861499290896869,0.00648976981711191)
(0.00426963276063367,-0.0094781538053906)
(-0.00539264936091528,0.00878475543243251)
(-0.000211442463731388,0.0100276340744248)
(0.00353643653854103,0.00979723778408747)
(0.00954410227019273,-0.00409954188010759)
(0.00980970501733814,0.003841033865381)
(0.00863937195167234,0.00608171320394919)
(-0.0015410199387612,0.00929710249726314)
(-0.0102359407488413,-0.00116196775286006)
(6.75026117917312e-06,-0.0100896932174479)
(-0.00990370999092226,0.0016340779988369)
(-0.00540099647549592,0.00795828523138919)
(0.00146621920352149,0.00924310708974766)
(0.00333087133009568,0.00937663594699752)
(0.00988328448654625,-0.00196817984858465)
(0.0095286973137687,0.00148658423478021)
(0.00782341517302702,-0.00553064534075451)
(-0.00959862029051504,-0.00268860950597122)
(0.00583836722986682,-0.00712313842280777)
(-0.000392541373283013,-0.00918274070141858)
(0.00946392907600967,-0.00159599543467241)
(-0.00774422899385893,-0.00641145364433933)
(-0.00511785988947954,-0.00772842318547322)
(-0.00801288098448324,0.0048779112979595)
(0.00931170369439498,-0.00122657346111943)
(0.00872139734524805,-0.00312905235373685)
(-0.0077542384638583,0.00514350330679036)
(0.00365286125231436,-0.00805802726043651)
(-0.00725194731491599,-0.00613049763554277)
(-0.00850738135734626,-0.00359552844936115)
(0.00310717715771099,0.00827132755393991)
(-0.00782604423611604,-0.00529445080146257)
(-0.00849800680894392,0.000491699792056593)
(-0.00643142371808325,-0.00654932511585961)
(0.00848416766840968,0.00227069484908803)
(-0.00785061531669443,-0.00470901955718933)
(0.00700472028667321,0.00631658799425016)
(-0.00741796640076095,-0.0048469305219165)
(-0.00675647813137585,0.004921270989844)
(0.00619819800080294,0.00606865110273229)
(0.00775543962745533,-0.00358304147341109)
(-0.00748368650909352,0.00407421827924933)
(-0.0067353466203758,-0.00492760891606718)
(0.00698542654975329,0.0051935512712318)
(0.00553059231148036,0.00634726083179268)
(0.00562070233924012,0.00631196437111159)
(0.00172848431932992,0.00804209949040341)
(0.00276952231717543,0.00777355216423308)
(0.00736936776213947,0.00353263765225428)
(0.00657168565452115,0.00510479785996626)
(0.0024473554934164,0.0072361338159722)
(0.00396364540723815,-0.00753258540002145)
(0.00345912841914,0.00680838005255411)
(0.00496169130911,0.00603517132507227)
(0.00607331732388277,0.00513032246614954)
(0.00563030888401739,-0.00599665521317992)
(0.00051896035444692,0.00683600754078767)
(-0.00764489404051124,-0.00139536728963808)
(0.00791401350116946,-0.000184109096921929)
(-0.0044312966970833,0.00593844240067022)
(-0.00653317300952647,0.00297979565182004)
(-0.00208371206895947,0.00616410272996978)
(-0.0057747121198459,-0.0048824535172273)
(0.00755265799881822,-0.000464874413974353)
(0.000811940360519278,-0.00774487188261761)
(0.00112466907087564,-0.00751895595429084)
(0.00337379599588025,-0.00646597348470855)
(-0.004559133929179,0.00537934281659286)
(-0.00642813812852062,0.00178800954218227)
(-0.00363505429814842,-0.00588396526203014)
(-0.00069571790614412,-0.00704941636290266)
(0.00107785939155689,-0.00712839665071046)
(-0.000476409411770704,-0.00693241693807213)
(-0.00206508346439451,-0.00652136688123059)
(0.00505019060576754,-0.00462051069386635)
(-0.00637050597738901,-0.00285203636069661)
(0.000395692247095733,-0.00691062358538118)
(-0.00649674145942086,-0.00144956122239831)
(-0.00428919006698801,0.00521808252136744)
(0.00709136441518879,-0.000735665458780409)
(-0.00496724530499529,-0.00408560711951425)
(-0.00492137841314859,0.00437133637473406)
(0.0066265325814122,-0.00124492786200082)
(-0.00468382794434466,0.00456740487192299)
(-0.00467509323879924,0.00447961737526643)
(0.00654033695559842,-0.00169562444695759)
(0.0037726029984923,-0.00523550554853317)
(0.00588006824558815,-0.00320853212002032)
(-0.0062803694304459,-0.00215419281371035)
(0.000374152311861587,-0.00675834416303532)
(0.00644596771618251,0.000814820237345846)
(0.00593031460724229,-0.0027091744275412)
(-0.000723070846636604,-0.00610222066839406)
(0.00414992279479334,-0.00421028256965453)
(-0.00505688769665978,-0.00382319733912618)
(-0.00363151383966466,-0.00490933388145045)
(0.00513593644504757,-0.00216459446247143)
(0.00530550019046879,0.0034481116916558)
(-0.00596363880784417,0.00061449618381975)
(0.00156744329029408,-0.00533089805383005)
(0.000242789327913916,0.00607863880522078)
(-0.00602749081560477,0.000247106683994425)
(0.00259915578415531,-0.00470374532470343)
(-0.0043101192013537,0.00390668901953191)
(0.00256198780984655,0.00536403475623157)
(-0.00333256492132876,0.00487328585891368)
(0.00366821293497025,-0.00382429200055306)
(0.00554490090766214,0.000265868969993719)
(-0.00596186332575522,-0.000416671375380738)
(0.00542892383164165,0.0024673754905424)
(0.00532808334550175,0.00249416895834394)
(0.00514243722810365,0.00249410589850671)
(-0.00101092856785791,-0.0052594353309135)
(-0.00445170415531651,-0.00362094889418062)
(-0.00544863824214919,-0.00117756053630502)
(-0.00297620667047668,-0.0046444514347147)
(-0.00524615335700121,-0.00236881611776869)
(-0.00487920450562922,-0.00293060485070261)
(0.00060593020750841,0.00560006647910103)
(0.00493710087862622,0.00288453678504405)
(-0.0017037421287291,0.00528457719530305)
(-0.00489495489697357,0.00192950407404006)
(-0.00427787389415616,0.00303097958485981)
(-0.00368722682014803,0.00356917253954231)
(-0.00078222900754427,0.0052773026051256)
(0.000842749838266665,-0.00494863510819752)
(-0.00172816577423396,0.00483144584045446)
(-0.00394402123721351,-0.00323553246800996)
(0.00445788297175952,0.00268770055366202)
(0.000404392689626915,0.00487728250167425)
(-0.004411814712441,-0.00262398387011008)
(0.00341879346518468,0.0036187893362871)
(-0.000733436596118476,0.00491878111929545)
(-0.00317321275748513,-0.0038730333647465)
(0.00180471707445039,0.00424064034847424)
(0.000454307758778238,-0.00478381782993147)
(0.00181612415605852,0.00447102104438465)
(-0.00414093837032611,0.00266176457083777)
(-0.00433452365397189,-0.00200690882289095)
(-0.00349474577181159,0.00323508845107033)
(0.00319743889210167,0.00353174321036739)
(-0.0044200012501357,-0.00138909324348549)
(-0.000719613982360029,-0.00437783119021981)
(0.00321121862868845,-0.00265458382916368)
(-0.00292123205715136,0.00329213291154247)
(-0.0040310650747965,-0.0019923979019861)
(-0.00424177631606422,-0.000496383004247555)
(-0.00415029057445926,-0.00141952616110381)
(-0.00395241707409339,0.0013947010121638)
(-0.00205151497840937,0.00363587709453463)
(-0.00221991451196177,0.00336905323321497)
(-0.00352243808855345,0.00203236039620095)
(-0.00189268731123899,-0.00358294196668784)
(0.00303143913961336,-0.00277453075107633)
(-0.00050544708835148,0.00419983713564532)
(0.000874073032419002,-0.00394668915743654)
(0.000282323989412411,-0.00403753595609417)
(-0.0038746555386715,-0.0016038288225434)
(0.00208892802875432,-0.0033574309114571)
(0.00125333479491832,0.00426300042324113)
(0.0039954985005025,-0.000789379886554394)
(-0.00121026863476327,0.00389811873606775)
(0.000607401326805494,-0.00374164011259465)
(0.00385477017905911,0.00210175193003787)
(-0.00381204010582324,0.00068484061515426)
(-0.00347710716574415,-0.00197153900818421)
(0.00420210580141387,0.000810026720549118)
(-0.00377605747276772,-0.000705572521294226)
(0.00015678237796131,-0.0037648121091178)
(0.00135361332466722,-0.00347269375653826)
(0.00309660885133246,-0.00208448275480271)
(0.00133259266800498,0.00400612339369853)
(0.00253540440807643,-0.00271699604700576)
(0.00227209428393782,0.00328480286191679)
(-0.00222858551037099,-0.00299595446785309)
(0.0038402866250178,0.00109584290194924)
(0.00309887284522028,0.00250573641969473)
(0.00245916565353359,0.00315092216643696)
(0.0035897448353565,-0.000503218637494063)
(0.00104055299676826,0.00351698500989296)
(0.00364768178975991,0.000658267926688712)
(0.00252986587529129,0.00294496460588153)
(0.00270513480865636,0.00266914115667688)
(-0.00282429952801839,0.0023993312776033)
(0.000177364063191444,0.0035579359448857)
(-0.00234606047939241,-0.00280436652677481)
(0.00343251788777905,0.00146542018276208)
(-0.00300758028873115,0.00197947943842657)
(-0.00195966105768499,-0.00302947964528013)
(0.00353744116613974,0.000172176812040698)
(0.00330770507753991,0.000965091239887622)
(0.00223314731753958,0.0028989973446594)
(-0.00113561244903825,0.0034839717264598)
(-0.000983137980546163,0.00344556647196287)
(-0.000177538314956061,0.00343291085746751)
(-0.000955639095040224,0.00326385222933052)
(-0.00287983149168187,0.00192956809363959)
(-0.00267516822534066,0.00209719751295243)
(-0.00340087998680042,-0.000220052348898508)
(-0.00331688825254962,-0.000725060907679314)
(0.00195157560427056,0.00284544630503641)
(-0.00260894023586886,0.00199280413748158)
(-0.00257377469675293,0.00164750144534133)
(-0.00292832181813215,0.00120462694095184)
(-0.00297340868717777,0.00105531224856247)
(0.00307216615788368,0.00177834492662216)
(0.00301015165087138,0.00162802394660773)
(0.00232070532718661,-0.00251924883398803)
(0.0030054938924125,-0.00148172465411893)
(0.00326974045298049,-0.000483052584462628)
(-0.00288493823060239,-0.00166358792541885)
(0.00265144157354285,-0.00184438123609491)
(-0.00268830558557031,-0.00198095695626719)
(0.00242213463689943,0.00206428127673563)
(0.00331046451523241,0.000564025908364364)
(0.00328117398043395,0.000523045486118498)
(-0.00243008123215697,-0.00219648091435188)
(1.50467553958329e-05,-0.00338405685359297)
(0.00295602639129025,-0.00121829293817488)
(0.00324108357916928,0.000177097454488726)
(-0.00276058175435269,-0.00130759399797701)
(-0.00231649604459018,-0.00196362562788268)
(0.000163043705503373,-0.00323649243351043)
(0.000842437461332808,-0.00316629797053767)
(-0.0011916201473577,-0.00268176828428075)
(0.000928728379449371,-0.00306150247670278)
(0.000231461342455212,-0.00320096131128741)
(0.00310056988487717,0.000389393342200519)
(0.00254631285996971,0.00157315541521539)
(0.00195875000348078,-0.00231339917130185)
(0.00153270617577158,-0.00251805674348586)
(-0.00250990416209029,-0.001604546881072)
(0.000655670486365247,-0.00290524767633432)
(0.00152668651945129,-0.00244156818594797)
(0.000310052639682346,-0.00294273413861625)
(-0.000922318642019766,0.00266637119366511)
(0.00203181952120412,0.00214905067634573)
(0.00222143789658386,0.00192225309665443)
(-0.00114535490191927,0.00263824057987309)
(-0.00176934494878965,0.00232203393242624)
(0.0024479413813221,0.0016160230511816)
(-0.0024013744981617,0.00154302504182182)
(-0.00257952011439023,0.00128135391976854)
(0.00196936106715126,0.00204350113476073)
(0.00122716782669606,0.002405418547957)
(-0.000610897264535985,0.00262332864065642)
(-0.00282060306174997,-0.000765528758990269)
(0.00150026474725671,0.0022348670669252)
(-0.00160106890449985,0.00230404083596454)
(0.00262811078504372,0.000783931488367862)
(-0.00195528384150721,-0.00218680836853354)
(-0.0013726910686361,0.00225538072275443)
(0.00214535779588023,-0.0018635570167861)
(-0.000863985431887843,-0.00275471977087544)
(0.00259073833157697,-0.000522466303862696)
(-0.000758130076711921,-0.0027424520597294)
(-0.00230999949354815,-0.00159968690581803)
(-0.00256316826304598,9.49868521396828e-05)
(-0.00129260698399536,-0.00241354466700534)
(-0.000128081970391144,-0.00277215088768267)
(0.00181241866601098,-0.00173790884188426)
(0.00229302087941334,-0.0010129007783473)
(-0.00204854435594572,-0.00162136670750228)
(0.00100883642004919,-0.00241670992180227)
(-0.00129800043101355,-0.00224205327506497)
(0.00169781621852372,-0.0019238516016438)
(0.00113517029063356,-0.00227555807790636)
(-0.000138492653720488,-0.00249595218918328)
(6.77534418678854e-05,-0.0025245166992459)
(-0.0024616734677896,-0.000434873178957062)
(-0.00188358788983968,0.00162465743618454)
(-0.00236853919244787,-0.000237003959508363)
(0.000539338426590627,0.00250829869278578)
(-0.000349752916311684,0.00245085858110369)
(-0.00141864807900373,0.00202348927548463)
(0.00119039143463729,0.00214828075944914)
(-0.00226583215410355,-0.000544242140607087)
(0.000270445253373872,0.0023489402555068)
(0.000571850570069366,0.00230547770274493)
(8.213853697979e-05,0.00229612684451055)
(-0.000662519786682885,0.00226954241004605)
(0.00254272396252792,0.000198634681112276)
(0.000717052485820788,0.00207901458314069)
(-0.00227802642352417,4.57601849056971e-05)
(0.00167409331219414,0.00166238864843117)
(0.00241715984318431,-0.00025965789509567)
(0.00239321668299803,0.000250973440697048)
(-0.00222955475387559,1.80733068587281e-05)
(0.00196914023540884,0.00134094412123629)
(0.00181047052766654,-0.00138125491451933)
(0.00203659371637596,-0.001027588249054)
(0.00106452902547723,-0.00226370678169364)
(0.00224899497049757,-0.000499927472922123)
(-0.00137884257805169,0.00180224340986428)
(0.000651630320385216,-0.00242194848679686)
(-0.00106356124213494,-0.00206716945816361)
(-0.0014761364557941,0.00169796734044681)
(0.00210195488753354,0.000850492530804486)
(-0.000463318632957511,-0.00232612025200728)
(0.000254945702114951,-0.00245303396122019)
(0.00180739416824192,0.00130171717285365)
(-0.00133585078945556,-0.00167825930692615)
(-0.000913096209579788,0.00198110178515964)
(-0.00159764699884212,0.0015109899507999)
(0.000215941763728564,-0.00237417700672828)
(0.00208007449144875,-0.000620308960205031)
(-0.000208167547462581,-0.00233285118061361)
(-5.30059284703557e-06,-0.00229753700703642)
(0.000972398189549643,-0.00203636853792813)
(-0.00149876634276531,-0.0015778088323138)
(-0.00205271119991945,-0.000712092612283897)
(-0.00197123552201945,-0.000849474003805505)
(-0.00209090229110359,0.000310978526979579)
(-0.00186572520059597,-0.000857886580530801)
(-0.00196018200917831,0.000888338323464934)
(-0.00167852466900442,0.00139376900173096)
(-0.00164213671311385,-0.00103059824396779)
(-0.00154922155754737,0.00133982843814961)
(-0.00162332459919736,0.0011026901008211)
(-0.00128231113016332,0.00159802375895495)
(0.00205387886796618,0.000612968564294735)
(-0.000360073051357597,-0.00205738089030748)
(0.000836237004500207,-0.00191370180128154)
(0.00157835646825088,-0.00130655475034102)
(0.00045502436006144,0.00204137506071725)
(0.000435208843667411,0.00203851941143096)
(0.00127608824241955,0.00155973295119731)
(0.00153456097387809,-0.00120288576691588)
(0.00165436360012049,0.00105521289954634)
(0.00181104831753802,0.00079109071594506)
(-0.000550560032091252,-0.00191774150199377)
(0.00144883480945301,-0.00131964893192187)
(0.000920472475319015,0.00166961535948831)
(0.00151862711956943,0.00113195436182354)
(0.00156506804343784,-0.00111051858557063)
(0.000806797919826906,-0.00171660790427505)
(-0.000194747348271136,0.00184122152627282)
(0.000830590938125573,0.00172751105674715)
(0.000573408891628546,0.0017769771319571)
(-0.000162701724241081,-0.00190151323667031)
(0.000651173425820532,-0.0017801440640336)
(-0.00126818723552524,-0.00119342147972046)
(-0.00152914395311532,-0.000998112757008568)
(0.00117927860776175,-0.00134179602271901)
(-0.00163686864095112,0.000658725862845025)
(0.00178116190759547,-0.000663181744695243)
(-0.00163952343006014,-0.000724039788261703)
(-0.000739943206144513,0.00173893214978042)
(-0.000903065709164573,0.00156014034194572)
(0.00183517801213172,-0.000329444441248477)
(0.00123776491738569,0.00140192063499157)
(0.00138603673066004,0.00118150108300729)
(0.00176535301353138,-7.22594338341867e-05)
(0.00176442753906421,0.00024887509198387)
(-0.000513243336255742,0.00170247747873186)
(0.00174507022356144,0.000118799061119461)
(0.00130331606163153,0.00122373497489755)
(0.00051875942946556,0.00169779632381495)
(-0.000509146562934769,-0.00170982441519146)
(-0.0016445512499984,-0.000372300713551804)
(2.27761550429862e-05,0.00176883466324717)
(-0.00150618174839783,-0.000618754537694902)
(0.0016713494812544,-0.000402317206020956)
(0.00166071164002538,0.000471689861878285)
(-0.00159720442730584,-0.000235839490175001)
(-0.00139198939691499,-0.00089926549317157)
(-0.000263807057000244,-0.00175952169900059)
(-0.00108276712777442,-0.00120268176646956)
(0.001531811344429,0.000741175965425992)
(0.00123532549897877,-0.00091092537449678)
(0.00141738492275526,-0.000538097474127942)
(-0.00093146845387584,-0.00128216583438113)
(0.000446005835815868,-0.00155951909794171)
(0.00152642529155338,-0.000221209179597838)
(-0.00113113442540241,0.0012523118502155)
(0.000803484793452434,-0.00131449949222914)
(0.00127152890168423,0.00106585115173306)
(0.00146585276999263,0.00049834047380203)
(-0.000761882357219909,-0.00124325674314362)
(0.00097730685467786,-0.00106658335172595)
(-0.00112241572178864,0.00100116786893785)
(-0.000306671783525214,0.00163668630081595)
(-0.00103815688662555,-0.000964416153472817)
(-0.000389246233914479,0.00161277634436743)
(-0.000404676008793317,0.00158448729779962)
(-0.00102448545143709,0.000975538018592988)
(-3.89519731340484e-05,-0.00158987380922832)
(-0.000595775075475312,-0.00131827250068617)
(-0.000747809388309053,0.00126174390849418)
(0.000512328459881723,0.00152384481543004)
(-0.00141505944459147,0.000205749571740561)
(0.000580813608239205,-0.00129933804085713)
(0.000868651093801906,0.00118569976162815)
(-0.000176433431857993,0.00149221796236013)
(0.000493926781723417,0.00145942251580795)
(0.000469382829523516,0.00142335392513981)
(0.000115692204199274,0.00152342926916509)
(0.000457042774620481,0.00139862111106335)
(0.000418715692771789,0.00139087023611391)
(0.00138958427224391,-0.000216231051806296)
(0.00135367027767011,0.000426349207422379)
(0.00125366813440012,-0.000421036192576942)
(0.00136064188269929,3.95793742515042e-05)
(0.000881554752206438,-0.000961414917984404)
(0.00124523028209005,0.000482199363867035)
(-3.94926191067766e-05,-0.00142136131685538)
(0.00096225996655803,-0.000818316959690067)
(-0.000285244338132061,-0.00132684016029367)
(-0.00133957949848041,-6.01977467165937e-06)
(0.00122971930039838,0.000276455110138133)
(0.000999716141179423,0.000781392969844407)
(0.00104605280935626,-0.000534328075983738)
(-0.00131165813906583,0.000258378988204842)
(0.0010300178691178,0.000685652108907561)
(0.00104499292919676,0.000727098780360929)
(0.000933654791743016,-0.000738400837440027)
(-7.59446151348343e-05,-0.00136170336435505)
(0.0001058019287683,-0.00133573583158955)
(-0.000810075434747328,-0.000964613126213893)
(-0.000995518338325952,0.000796388503359218)
(-0.00104420726537259,-0.000591445047358181)
(-0.000452495314998483,0.00123313090608232)
(0.000554978926651942,0.00106112021965987)
(-0.000841748473645426,-0.000863626685319043)
(-0.000420993887863408,0.00122188450809301)
(-0.000981227892294338,-0.00067819999952381)
(-0.000844743497839952,0.000943689104737247)
(0.000674773598697888,0.000899376928464322)
(-0.00101012526618412,0.000652930005282714)
(-0.00108943238206365,0.000388220745026421)
(0.00016702508668374,0.00115470943440664)
(-0.00108546945598933,0.000191026459878354)
(-0.000994392455730748,0.000600636982468133)
(0.000299671958286371,0.0010731687608582)
(0.000213974588511716,0.00107089633138787)
(-0.000751410021311986,0.000926539786798339)
(-6.88783293204456e-05,-0.00128571773030451)
(-0.00103655600820448,-0.000148330409516483)
(0.000860250458666021,0.000576914292641384)
(0.000502490062727845,-0.00106237248165346)
(-0.000574848999945909,-0.000930581168115108)
(-0.000497305620391474,0.00105034702654239)
(0.000316173549309233,-0.00114404979922117)
(-0.000404168067046412,-0.00099425087008307)
(-0.000835592385481424,-0.00039844788912556)
(-0.00023522040530211,-0.00103240926985082)
(1.93117464242012e-05,-0.00111304598794435)
(-0.000676071380149213,-0.000654617707440604)
(-0.000471304602361055,0.000967179400262744)
(-0.000466122054373357,0.000952405563601162)
(-0.000921799904029643,0.000319081204619715)
(0.000226883031366101,-0.00106572601612181)
(0.000385648668438405,-0.000978914392863734)
(0.000311355283484256,-0.000971527048179215)
(-0.000629656663244763,0.000690219261969947)
(-0.000914844322742897,0.000121159385831954)
(-1.99631537581688e-05,-0.00106129808431803)
(-0.000621440160875108,0.000703918722359003)
(0.000881803564957176,4.83157276220326e-05)
(0.000809718027457707,0.000414963607637775)
(-0.00085207011937117,-0.000288241677836461)
(-0.000842000658042927,-8.86007978138163e-05)
(0.00031171647648936,0.000849870385424294)
(0.000254042064671756,-0.00089475865736576)
(-0.000533914904302618,0.000752255219842115)
(-0.000164354411006288,0.000924573083738761)
(-0.000754962111486346,-0.000247064668019194)
(0.000533328777521606,-0.000717483645779478)
(0.000617060285506109,0.00066356687448169)
(0.000215438513208084,0.000858938395677807)
(0.000701626750461074,-0.000409649530898495)
(-0.000512341796281766,-0.000586749262774914)
(0.000770623118626019,0.000455301618625752)
(0.000748713415913789,0.000431705554248933)
(0.000673508300479928,-0.000331490202316182)
(1.42508116562477e-05,0.000844042477146871)
(-0.000453024532484663,0.000667610305121109)
(0.00068945044971032,0.000470040616541346)
(-0.000530709907283237,-0.000449655374976027)
(0.000273378287431904,-0.000748381750275386)
(0.00039078131592222,-0.00067759284434322)
(0.00071387646164826,0.000352594666728578)
(-0.000349131377750247,-0.000638208434875115)
(1.22033075171009e-05,-0.000703156473514666)
(7.62391022679012e-05,-0.000716299049358732)
(0.000411225021199294,-0.000587134251116669)
(0.000658890703833154,-0.000395685619987154)
(-0.000725725149044654,3.40951139101268e-05)
(0.000750162270225828,-0.000170205940140188)
(-0.00067820336510332,0.000238384340140233)
(-0.000448344032117655,0.000584929591295244)
(0.00074728503820367,3.55777358567442e-05)
(0.000333033169353524,0.000737173631695766)
(0.000600973844275783,0.000447563978983252)
(-0.000551574105251404,0.000370996276070195)
(6.14532069529175e-05,0.000704804400945761)
(-0.000444740700838654,0.000464956292906853)
(0.000607258658475095,0.000407790535829757)
(-3.2635387312414e-05,0.000728885727976219)
(0.000646024739851555,0.000215006623994668)
(0.000661252511116998,0.00011563120781326)
(0.000289042899127129,0.000654618695679315)
(0.000573046544116506,0.000443044115557463)
(-0.000264242127299199,-0.000566037850542493)
(-0.00055130263303277,-0.000205237707457133)
(-0.000393901855124826,-0.00036075149106147)
(0.000554337329440028,-0.000343469399732262)
(0.00055447839123909,-0.000329903540606156)
(-2.73255433524275e-05,-0.000597910806239881)
(-0.000390927890311643,0.000518376464951114)
(4.22301756780381e-06,-0.000580941310668636)
(-0.000229301028776493,0.000597133476054246)
(0.000373394767429861,-0.000459161836292254)
(-0.000481076408357844,0.000147809181832068)
(0.000607576945572116,8.01068412979564e-05)
(-0.000486028229704338,0.000243630893374103)
(-0.00015616716906193,0.000490429952442922)
(0.000576690844357395,0.000256339583017749)
(-0.000410584307984543,0.000299993546520275)
(0.000220374093361965,0.000595994697175777)
(0.00028941866473457,0.000549522118537554)
(0.000283200114628215,0.000529330215172149)
(7.71266428938821e-05,-0.000521508581339741)
(-0.000416102254373522,0.000265108836749224)
(8.94437727035014e-05,0.000575283106047842)
(0.000464064915436773,-0.000270754780563478)
(8.88735965909588e-05,-0.000516182125154883)
(0.00052153273127764,0.000292132343994936)
(0.000168414973741251,0.000542642559092541)
(0.00023904395702638,-0.000396307881599093)
(9.88330489384585e-05,-0.000459656412464787)
(0.000302719168732123,-0.000346527444836413)
(0.0003328114387978,0.00037438037184861)
(0.000426397267627647,0.00028791145651007)
(0.000395659094530016,0.000319894715481038)
(-0.000424389251665,-0.000141401653750783)
(-0.000152601874648455,0.00045514783104794)
(-0.000109938803681494,-0.000402643367052444)
(-2.61269666674376e-06,0.000425801162926363)
(0.000349452780624379,-0.000277003136195543)
(0.000391847880973278,-4.32935135468284e-05)
(-0.000343636999842205,0.000133934200730563)
(0.000201825393308319,0.000389645491110932)
(-0.000250020727095003,-0.000231880960206893)
(-0.000315128872524904,0.000196552612545855)
(0.000405781472320209,2.97984111847899e-05)
(-0.000264106750777239,-0.000187578625446171)
(0.000241226414186873,0.000344131280111299)
(0.00010215203922239,-0.000361463006390269)
(-0.000317070481996382,0.000157465323452248)
(7.78892287182633e-05,-0.00036865611352535)
(0.000271777907106153,-0.000264535534674857)
(0.000324995439944329,0.000160742784644555)
(-0.000193651693302806,-0.000201440251887477)
(0.000283110925899622,-0.000152549471007623)
(8.33251707613178e-05,-0.000314350276291477)
(9.79938635270097e-05,0.000320251390240658)
(0.00032014423570987,8.27264595654846e-05)
(3.64920827270931e-05,-0.00031795449707484)
(-0.000174561968630167,0.000255845724249824)
(-0.000182133552414777,0.000187114447848082)
(0.000160197101154717,0.000265804484361214)
(-0.000202639964248859,0.000167516253610281)
(0.000218366940888403,-0.000125066783398501)
(5.79590869398608e-05,0.000234563892824444)
(8.60468998028013e-05,-0.00018994417423913)
(-4.29961216205735e-05,-0.000175865892883803)
(-0.000120753952397808,9.06103940944521e-06)
(-8.54101294695213e-05,-4.27196162936427e-05)
(1.83546495568567e-17,3.37256274466363e-17)
(-2.01683977693042e-17,3.06943925417536e-17)
(-3.37420595816645e-17,1.15513031459721e-17)
(-3.12162272964525e-18,-3.01694254174052e-17)
(-2.31766020943662e-17,-1.82453114576777e-17)
(-2.91026137406585e-17,4.98521584965216e-18)
(2.63842279190082e-17,1.00072006408754e-17)
(2.06909609659021e-17,-1.93011464286778e-17)
(8.90892053108771e-18,-2.60966644136111e-17)
(-2.37821666342335e-17,-7.21420077588512e-18)
(1.84612147751049e-17,1.68466916373167e-17)
(2.20347889062761e-17,-7.47927117279091e-18)
(-2.37468381243802e-17,1.92492247719019e-19)
(2.04315279133191e-18,2.36702766787052e-17)
(-8.97336049343467e-18,2.13944381272762e-17)
(2.14769187025681e-17,1.23856689702565e-18)
(-1.02126871615812e-17,-1.8165503839187e-17)
(-1.25871891841497e-17,-1.60610649473094e-17)
(-2.0252759011205e-17,-2.67066621444044e-18)
(-1.60987741573774e-17,1.32533943944532e-17)
(1.02567116505158e-17,1.77418188909077e-17)
(1.29670241131626e-17,1.41022669526503e-17)
(-1.50929839361619e-17,1.07644732567921e-17)
(-1.08417014088718e-17,1.45693542260599e-17)
(3.29112478184616e-18,1.8091967502132e-17)
(-1.7070737899873e-17,1.74874943639276e-18)
(1.05591293512985e-17,-1.33900398724145e-17)
(1.37289651896093e-17,-9.67437579053393e-18)
(6.6104906425774e-18,-1.52592986951755e-17)
(-6.11753011542955e-18,-1.53170406999543e-17)
(3.46442369323818e-19,-1.58197621631393e-17)
(1.50344062956418e-17,5.54113972248199e-18)
(-1.13085505050497e-17,-7.2402198374299e-18)
(-1.19624661096112e-17,-6.24253026479516e-18)
(-1.25494797211231e-17,-3.07876747086887e-18)
(-6.06931357173926e-21,-1.30672759288067e-17)
(-5.5869637122965e-18,1.26251198763972e-17)
(-5.42380173197514e-18,-1.09345939372613e-17)
(1.02027389757705e-17,-6.14978422243093e-18)
(1.15175839820629e-17,-1.47862757926268e-18)
(9.03704482757367e-18,-6.94548834799884e-18)
(2.32186944135358e-18,1.18659403254055e-17)
(-1.00639692613932e-17,3.13058626857039e-18)
(-5.16534389201397e-18,-7.38047025859996e-18)
(-7.90407206878132e-20,-9.55704736253823e-18)
(2.55302622074966e-18,-8.69869587695346e-18)
(5.35505075869569e-18,-7.25627393890928e-18)
(5.53837561137159e-18,9.55316356301645e-18)
(-8.67374287328361e-18,3.61345932763319e-19)
(-6.01621908350126e-18,8.00651332539907e-18)
(9.08121338724369e-18,2.98710433758777e-18)
(-6.91636516224425e-18,6.04467869854859e-18)
(7.07438000474217e-18,6.35075731594636e-18)
(1.78786099982887e-18,9.59341292070848e-18)
(-2.06455788983673e-18,9.09110107051938e-18)
(-7.17490692099163e-18,3.72410348235248e-18)
(-1.56306298639591e-19,-8.14407944844299e-18)
(-1.64995321915908e-18,-7.41216529680937e-18)
(7.48830041144299e-18,-3.35541291234393e-18)
(-5.26939361165974e-18,-4.75541307354148e-18)
(7.49321823680771e-18,3.33230513794809e-19)
(7.2627211370026e-18,-6.6511113518538e-19)
(6.04988411669534e-18,4.56605715717287e-18)
(4.40964408091847e-18,5.97328547027459e-18)
(-3.15635722657873e-18,6.63737371399189e-18)
(-1.56257148662327e-18,6.95700529120481e-18)
(1.83116431325181e-18,6.38059649183664e-18)
(3.60995369788394e-19,6.53649806615081e-18)
(5.43109497822918e-18,2.70176197550191e-18)
(-5.95559954878733e-18,1.52430929193145e-18)
(-4.32781475730344e-18,-4.18206106984206e-18)
(4.87896944731209e-18,-3.48230149493031e-18)
(3.80497965465974e-18,-4.34641500194855e-18)
(-5.25145566050675e-18,-2.29685112069983e-18)
(-5.52819021999334e-18,-1.46282763734786e-18)
(2.30512218990343e-18,-5.17290489602791e-18)
(-5.65814776955565e-18,4.58066058531965e-19)
(-2.55304180984762e-18,-4.95641105430998e-18)
(-4.53258905229697e-18,2.88418745695379e-18)
(5.11689061061744e-18,-2.07556376621631e-19)
(-5.07170448893364e-18,7.25283696392269e-19)
(3.56338289381903e-18,3.11073772432476e-18)
(7.55171551649656e-19,4.79742536070015e-18)
(4.52944754984544e-18,-1.9439375497448e-18)
(1.42175526202866e-18,-4.6624634218035e-18)
(-4.84002024058444e-19,4.63031096523844e-18)
(-2.28923098242574e-18,-3.94477815867068e-18)
(-3.6078175807216e-18,-2.6856262824565e-18)
(4.19278278622541e-18,1.42463014225765e-18)
(2.74125385361297e-18,3.35964325354801e-18)
(3.39413044376326e-18,2.58633577503656e-18)
(-3.90144972304628e-18,1.61155418458565e-18)
(3.71092878428405e-18,-2.00772784524264e-18)
(-2.96327070909539e-18,2.78246033364864e-18)
(-1.90187541331365e-18,3.64894076820182e-18)
(2.38411567569176e-18,-3.34877538537365e-18)
(3.8379440883083e-18,-1.25378852568488e-18)
(3.83531300028041e-18,7.22242633240441e-19)
(-2.30734880811203e-19,-4.01345920632569e-18)
(2.76804124029115e-18,-2.71548023737089e-18)
(-3.5332223718512e-18,-1.48761322336843e-18)
(7.13512186698066e-19,3.70630994429642e-18)
(-1.21654468633309e-18,-3.46519590307998e-18)
(7.84013993040977e-19,-3.54610850577212e-18)
(-3.54464418487747e-18,-6.09502407637657e-19)
(1.29329891916505e-18,3.13184433125594e-18)
(2.0676072029331e-18,2.41122293635957e-18)
(-3.19916823314888e-18,7.15577789360941e-19)
(-2.10582434547559e-18,2.52922414512889e-18)
(2.87031437924491e-18,-1.18031529198089e-18)
(-2.79766439823975e-18,-1.36826548987773e-18)
(-2.63525970955181e-18,1.42091070253235e-18)
(2.91564456563886e-18,2.8980133887543e-20)
(1.56624262131294e-19,3.01377530369435e-18)
(-2.86578136506283e-18,-7.10419126825912e-19)
(-1.41044734247987e-18,2.62032871351706e-18)
(2.5138065820384e-18,1.10867254659871e-18)
(-8.26781563354673e-19,-2.73394083005389e-18)
(-1.29037477542407e-18,-2.47524768783329e-18)
(8.76097696294413e-19,-2.70132755306106e-18)
(-5.9097311315109e-19,2.65686335156607e-18)
(1.58020394979225e-18,-2.155315093584e-18)
(5.63493446939837e-19,2.40015438704581e-18)
(2.3287325326939e-18,3.39717054747419e-19)
(-9.69866288809417e-19,2.32106299124595e-18)
(-2.07174985568904e-18,1.27107006419682e-18)
(-1.32592260811355e-18,-1.94139168263994e-18)
(2.06559476751161e-18,-7.11587750918423e-19)
(1.89080315223361e-18,1.14246095339353e-18)
(-2.59140419301463e-19,-2.19875599798798e-18)
(1.63522372483838e-18,1.33338018338827e-18)
(-2.15485686787038e-18,7.17300500608085e-19)
(7.42102300322892e-19,-2.04574013687613e-18)
(1.84577757206048e-19,-2.17123999228198e-18)
(1.50201196164228e-18,-1.44711316210732e-18)
(-2.08216174041462e-18,-2.88557802943109e-19)
(-1.16167604211172e-18,1.80116722364971e-18)
(-1.64763901436892e-18,-1.24160929628712e-18)
(1.75617158951588e-19,2.01906219825674e-18)
(-4.69708660215269e-19,1.9855877548524e-18)
(1.79624845659987e-18,8.97724119001874e-19)
(1.28911834486408e-18,-1.51514075565038e-18)
(-1.81762367970093e-18,-8.43209720061784e-19)
(1.12196673175593e-18,1.59975493083862e-18)
(-6.69244649776217e-19,1.79548863776563e-18)
(-1.90358503064976e-18,-4.47305011729868e-20)
(1.61201615093282e-18,-8.45040727053827e-19)
(-1.15581550158306e-18,-1.47319904676145e-18)
(6.48498785887888e-19,-1.63334405777768e-18)
(1.68642340092144e-18,2.76578665526087e-19)
(-5.70572718123155e-19,-1.60927375567182e-18)
(1.6176465042927e-18,-4.42125552204341e-19)
(-1.5118531520724e-18,7.39021427542179e-19)
(2.21345358037678e-20,-1.67125711701046e-18)
(3.07627274980769e-19,-1.62015725800298e-18)
(1.55279287503382e-18,-4.3992733337708e-19)
(1.02059515032059e-18,-1.09789581974396e-18)
(7.4821507009158e-19,1.34575488750328e-18)
(-7.9544491321433e-19,-1.29202601229679e-18)
(2.62637802071462e-19,1.52926367679352e-18)
(-1.52542040340323e-18,1.53991004558795e-19)
(-1.29279137212248e-18,7.89033968202162e-19)
(-1.28522709224367e-18,-7.76681993578383e-19)
(-9.24984933978282e-19,1.13545488855287e-18)
(1.05123801995546e-18,8.91827941114723e-19)
(-1.95715706331666e-19,-1.40189435605225e-18)
(-4.67841493857053e-19,1.33835689282411e-18)
(6.49841765816799e-19,-1.18796606291186e-18)
(2.7933157108524e-19,1.32661459443192e-18)
(-1.2071988003531e-18,-6.56421618060151e-19)
(-1.03715494165662e-18,8.03715844113917e-19)
(1.12965328395971e-18,5.92531310831165e-19)
(1.1946552024174e-18,-4.07018476342798e-19)
(6.37249754588445e-19,1.12683348602514e-18)
(-1.25511351463793e-18,2.82659800769325e-19)
(1.18911111533483e-18,1.51254769065614e-19)
(8.43883133642074e-19,-8.72379177818581e-19)
(-7.08918317391722e-19,9.57254168787357e-19)
(-1.958930434205e-19,1.16355972329354e-18)
(-4.22817093500887e-19,-1.07704798826794e-18)
(4.98729018776182e-19,9.85249002112575e-19)
(-2.59526396898925e-19,1.07104048907615e-18)
(2.36311573715652e-19,1.09287494770493e-18)
(-7.22741008335644e-19,-7.76279861957265e-19)
(-8.10192921596896e-19,-7.02948832450741e-19)
(-1.04567257302436e-18,-3.33983501663376e-19)
(8.49505663110159e-19,5.65189762966754e-19)
(1.00757160164185e-18,-4.46584901021226e-20)
(2.36441985065328e-19,-1.05540342544384e-18)
(-6.72308059639126e-20,-1.03229117432152e-18)
(-9.91813001478936e-19,2.69212793921041e-19)
(-8.21490113050135e-19,5.13012251218329e-19)
(-9.97429429697324e-19,-9.11588963206901e-20)
(3.6260304002426e-19,-9.61684191790832e-19)
(9.55216358023536e-19,1.99262971223892e-19)
(2.62674388004919e-19,9.36900860892785e-19)
(-9.19898539024325e-19,3.24715707302973e-20)
(7.80846260596409e-19,-5.04210593234995e-19)
(-2.67150351343505e-19,-8.72353623774947e-19)
(-4.5080852548012e-19,7.83991382831671e-19)
(5.48896022603335e-19,-6.70391479130819e-19)
(5.42275525253862e-19,6.48032375353131e-19)
(8.39934944631276e-19,3.46466318635712e-20)
(6.94956607790972e-19,4.6157304115922e-19)
(7.99773689942149e-19,2.13948789242449e-19)
(6.79624396117366e-19,-4.69506016468291e-19)
(7.97841683448767e-19,-1.19266060989131e-19)
(-4.47465849521923e-19,-6.88923768692014e-19)
(3.48637690717423e-19,7.3166399633768e-19)
(3.35990236350456e-20,-8.32982310230964e-19)
(3.39668714052098e-20,7.83995577115342e-19)
(-2.6591642924799e-19,7.26328913002421e-19)
(-5.42087400616322e-19,-5.61440179626244e-19)
(-7.1809792347182e-19,3.14801642112887e-19)
(-5.69786441649434e-19,-4.85103605904868e-19)
(-5.70826393138901e-19,4.73244529156678e-19)
(-7.18421853012922e-19,-1.9963434456518e-19)
(4.28091524309511e-19,-5.8177855337984e-19)
(-3.11672772831026e-20,6.88886201335351e-19)
(-3.97339659191634e-19,5.64047389791833e-19)
(6.35942376415832e-19,1.44832604958165e-19)
(4.21642908765375e-19,4.83165449920104e-19)
(6.00273481951901e-19,-2.08940079173307e-19)
(5.71470574185095e-19,2.75605931769282e-19)
(-3.71575060929875e-19,-5.7040813422198e-19)
(-5.9118274700239e-19,3.1286251813914e-19)
(-6.54586192417301e-19,-1.46463167616902e-19)
(1.41926365368599e-19,6.1304374107836e-19)
(4.90133618959351e-19,-4.05223243712441e-19)
(2.45463339435945e-19,5.38954547977182e-19)
(-4.53074974137592e-19,4.17581135255538e-19)
(1.86882141981047e-19,-6.14647991969352e-19)
(5.56558394781644e-19,-9.57585002910766e-20)
(-5.69999891774767e-19,2.01260162735681e-19)
(3.80022279945242e-19,-4.63829227042212e-19)
(4.93508003875714e-19,2.60779431340699e-19)
(-8.77830054595443e-20,-6.20515333639453e-19)
(-4.40287696922957e-19,3.57823094453506e-19)
(3.91706690142874e-20,5.35700968982469e-19)
(-1.78771512579377e-19,5.02279539009858e-19)
(1.40393520933335e-20,-5.90018955783415e-19)
(-3.36260130382164e-19,-4.17791813409128e-19)
(-7.59847448871029e-20,-5.54153398010832e-19)
(-7.37268484962084e-20,5.07441783535976e-19)
(-1.80166764972538e-19,-5.05473070590845e-19)
(-5.29615929632401e-19,-2.3413539890141e-20)
(3.39262691099699e-19,-3.7965050222947e-19)
(-4.43056404425513e-19,-2.69054059369469e-19)
(2.2249468202006e-19,-4.28965726257535e-19)
(-4.88515434373595e-19,-1.02312732021836e-19)
(4.52862119175296e-19,1.4116378159122e-19)
(-2.14294087190463e-20,-4.9687390200929e-19)
(4.32557385168803e-19,-1.17020807682745e-19)
(-4.44325445120426e-19,-8.0231538857397e-20)
(-3.90228211784744e-19,2.12058697560231e-19)
(1.01236975253382e-19,-4.3219285374133e-19)
(-3.76715896288923e-19,-2.46015090075086e-19)
(-1.65494757512339e-19,4.08247148748453e-19)
(3.11346235126308e-19,3.13120244636903e-19)
(4.19990329309457e-19,6.99917223515037e-20)
(3.5088526471105e-19,2.30204494834148e-19)
(-2.09765461033194e-19,-3.40908520912671e-19)
(1.16007065756269e-19,3.87939608914012e-19)
(3.96656674352927e-19,-8.43013666495336e-20)
(2.99527063859465e-19,-2.76537335181134e-19)
(-3.80650507051474e-19,2.72907812641275e-20)
(-3.54637176846615e-19,1.46353837815916e-19)
(-3.07542290140536e-19,-2.00670004818943e-19)
(2.07556197898828e-19,3.19425023169256e-19)
(-1.68618008053905e-20,3.68859945835188e-19)
(3.68548149730018e-19,1.02753379107603e-20)
(-8.60095937754355e-20,-3.463464163355e-19)
(2.68880829031284e-19,-2.36537512128229e-19)
(-1.55602848851806e-19,3.12919609178917e-19)
(1.21003469389754e-19,-3.38706208213865e-19)
(-8.94221394365867e-20,3.26180265397475e-19)
(-2.94155755627117e-19,1.5513286811501e-19)
(-3.20639617127077e-19,-2.53115728953371e-20)
(-1.99932970666597e-19,2.56622336089228e-19)
(3.04110303619589e-19,1.33981623503432e-19)
(-2.69076231394545e-19,1.50271365352898e-19)
(2.20079082670816e-19,2.38652299110017e-19)
(2.74355858980168e-19,1.45254314527791e-19)
(-1.62550392241373e-20,-3.0220317318886e-19)
(-2.22447177753455e-19,-1.84741284595371e-19)
(1.61233912455276e-19,-2.45552750012413e-19)
(2.76149446783319e-19,-1.17615138822549e-19)
(9.55941594925549e-20,2.76818587070897e-19)
(-2.46531196785777e-19,-1.18379758504343e-19)
(-1.06507222534688e-19,-2.56148869027779e-19)
(1.07373966116729e-19,-2.61635151882369e-19)
(2.78032180735749e-19,-3.09252857775432e-20)
(2.13852010742945e-19,-1.71595995402831e-19)
(1.52718185021643e-19,2.21824069339395e-19)
(5.46543463422764e-20,-2.61777119952298e-19)
(1.56906481565669e-20,2.48365815737176e-19)
(-1.65628790232141e-19,1.88868390459341e-19)
(5.22102658303784e-20,2.35525538900665e-19)
(3.8539347251108e-20,-2.28104245445082e-19)
(-1.1935000341463e-19,-1.88751702416886e-19)
(2.26924829343317e-19,1.76261885219324e-20)
(-2.22212122294636e-19,-5.65946810119619e-21)
(2.1081719991261e-19,-6.0288409162385e-20)
(1.24504029581633e-19,-1.75323115714783e-19)
(-1.52193254985556e-19,-1.0015277438509e-19)
(-4.56691068305866e-20,1.91382067530991e-19)
(-1.60845568171199e-19,1.14010807276177e-19)
(-1.29321769966952e-19,1.42311735614512e-19)
(1.36496652532506e-19,1.37245748271897e-19)
(-1.81683485332041e-19,-2.82164645911869e-21)
(1.25865707360223e-19,-1.37636997154177e-19)
(1.65745378707255e-19,8.67514404109021e-20)
(-1.62781066556618e-19,6.50511173329352e-20)
(1.03760643296783e-20,-1.67210572101107e-19)
(-1.6490224951132e-19,1.42771606609395e-20)
(1.67009342833926e-19,3.11498225497064e-20)
(-1.34884871491792e-19,-8.56232108026614e-20)
(-1.898184628637e-20,1.5602183555776e-19)
(4.07376283067057e-20,-1.48143492711834e-19)
(1.39033799874842e-19,6.71045263534001e-20)
(-1.28009577673874e-19,-7.76410677099145e-20)
(1.20526894327932e-19,-8.03800032965316e-20)
(3.83812081016487e-20,1.37123058306454e-19)
(-4.75616715850023e-20,-1.31941586868527e-19)
(1.27045104558674e-19,6.00801215562788e-20)
(8.85716496876622e-20,1.01119052504521e-19)
(1.32420574520952e-19,-1.88440319750855e-20)
(-1.24724540717348e-19,-3.70867742351703e-20)
(-1.0009616481346e-19,7.85111521185508e-20)
(-8.46760421784562e-21,1.18940761846462e-19)
(-3.11683580280221e-20,1.15099981984822e-19)
(8.85489303783142e-20,6.53043158114729e-20)
(-1.15276724467037e-19,-1.15027760591825e-20)
(4.65523711214163e-20,-1.02801424450802e-19)
(5.67472455221552e-20,-8.80510639033608e-20)
(-7.22971651068233e-20,-7.02310643590631e-20)
(-4.52445871591477e-20,8.81363461963974e-20)
(-2.48060122670263e-21,1.00511798243803e-19)
(7.70574862501185e-20,-6.21587821302583e-20)
(-5.23780020699805e-20,7.80380396044761e-20)
(1.1412799152876e-20,-9.34403459888045e-20)
(-8.83214673611406e-20,3.13639067440313e-20)
(8.24030451342962e-20,2.67896513481297e-20)
(-7.90669478133885e-20,-3.30460230216899e-20)
(7.81468161268604e-20,2.25864541282154e-21)
(7.48072218449953e-20,-1.60219195942775e-20)
(3.19582489476626e-20,6.46511827323914e-20)
(5.04207718438259e-20,-5.11838768055902e-20)
(-4.66564494752439e-20,-4.85484598072729e-20)
(4.03534474582649e-20,-5.46737617188628e-20)
(-5.90153166812206e-20,8.84994011422597e-21)
(5.18190259909018e-20,2.28870678290408e-20)
(-3.79837700135291e-20,-3.56000790377617e-20)
(4.83878140526725e-20,-1.89295256367022e-20)
(7.70836294477661e-21,-4.9252564745767e-20)
(-3.79918004643705e-20,3.3400749759733e-20)
(4.71311173240631e-21,4.99343515733938e-20)
(-2.56559214026626e-20,4.11686217242507e-20)
(-1.51402846924093e-20,-4.32889632727394e-20)
(-2.36817889495603e-21,4.64819503554974e-20)
(-4.1017968140607e-20,-1.43920700625364e-20)
(2.30136060969559e-20,-3.11681389722425e-20)
(-2.41241812508155e-20,2.46430407813515e-20)
(-3.41283578728369e-20,4.093636823123e-21)
(-1.6903343390914e-20,-2.56966743524992e-20)
(9.6797463038884e-21,2.88045072633869e-20)
(-2.64571098055797e-20,-1.31116162916828e-20)
(2.91252850138727e-20,1.64074922885629e-21)
(2.60647019984447e-20,1.26825944286572e-20)
(-4.14008720210899e-21,-2.75570434427176e-20)
(1.2945502611785e-20,-2.14804702476596e-20)
(-9.13065375603278e-21,2.25304499335663e-20)
(1.64852673023588e-20,1.70127941156678e-20)
(-2.21782109390885e-20,7.17209825116635e-21)
(6.34624854551594e-21,1.71972015753412e-20)
(-2.1802593545955e-21,-1.73255578719915e-20)
(-1.19777953204211e-20,-8.55058720792203e-21)
(6.30557878545461e-21,-6.46522845619433e-21)
(8.31758884113787e-21,2.95670939133739e-21)
(-4.99874019804048e-22,4.78274511722359e-21)
(-3.6715841101117e-21,-2.07977629815022e-21)
(-5.06573790371767e-30,4.73584862614493e-31)
(-5.90225601831991e-32,8.46845497385155e-32)
(-1.59004566062868e-32,-7.00336520667029e-33)
(2.24729758182978e-33,-1.62584498426707e-32)
(1.3949725296142e-32,1.57786194351491e-33)
(-1.06313843087818e-32,6.87651144970833e-33)
(4.73449218530835e-33,6.50009978668493e-33)
(-1.21323042050596e-33,7.73789322065981e-33)
(2.43862904805036e-33,-6.66377147359897e-33)
(-4.26874498462993e-33,-4.39789904601759e-33)
(6.25534732856665e-33,-2.4333393836062e-33)
(-4.3786821472944e-33,3.6999479924192e-33)
(5.44280883287557e-33,-1.03912103179687e-33)
(8.27802859185619e-34,4.77381349988034e-33)
(-7.77914312862507e-34,-3.87345681740169e-33)
(2.46686834975714e-33,3.18120946321964e-33)
(-3.67209210792816e-33,-1.34265390571764e-34)
(-3.40309614385801e-33,7.62168386317829e-34)
(-8.13533883709668e-34,3.21545942192789e-33)
(-3.1583843484062e-33,-4.21202872198744e-34)
(2.89037819647721e-33,-2.62720038433848e-34)
(-2.34574371882709e-33,1.71033463764145e-33)
(-5.30228951915259e-35,2.65379069067617e-33)
(-1.83784503045911e-33,-1.91106703377526e-33)
(-1.40800093074444e-34,-2.55047061845788e-33)
(2.11520186170034e-33,-9.36968505928285e-34)
(1.19732467188834e-33,-1.92836367952117e-33)
(-1.40267753786753e-33,-1.72600249103069e-33)
(2.20852428540301e-33,1.9120561270102e-34)
(9.51758731154015e-34,1.8342844432607e-33)
(1.77364590653431e-33,-9.52389925752128e-34)
(-1.03522614022948e-33,1.61509035849063e-33)
(-3.60925788966938e-35,-1.90016046874917e-33)
(-1.66833380327992e-33,-6.05653811764797e-34)
(-5.08199333574259e-34,1.65263894436497e-33)
(-1.45694040060554e-33,9.08804658666618e-34)
(-1.67388284645521e-33,2.57903890799965e-34)
(5.89923612255199e-34,1.58386613148989e-33)
(1.09246408708158e-33,1.23582917182036e-33)
(7.50617957950827e-34,-1.38479582243174e-33)
(1.44260173260651e-33,4.83969782738073e-34)
(-2.00246632857095e-34,-1.4878689711102e-33)
(1.62339178440186e-34,1.45761599318174e-33)
(-8.8059882486339e-34,-9.99947806684925e-34)
(5.76137749497395e-34,-1.13489779014233e-33)
(1.18565946940654e-33,-2.57799926396781e-34)
(4.82621143693689e-34,1.12937963123047e-33)
(-1.10590358802668e-33,-4.47116586896255e-34)
(-1.19282333667493e-33,-1.02947882877211e-34)
(-1.16241754713982e-33,9.81875263657219e-35)
(1.15589685513595e-33,2.12009357046624e-34)
(8.08168649439322e-34,7.09541447337937e-34)
(-2.14099702664564e-34,1.09845332065236e-33)
(1.03178014298111e-33,4.12437184472063e-34)
(-9.09268241745313e-34,5.99071585723945e-34)
(-5.80505939805074e-34,-8.37782254834635e-34)
(4.93937718872479e-34,-8.9592982008053e-34)
(8.53397349031416e-34,-5.70053970552124e-34)
(2.0287867823465e-34,-9.33216401395539e-34)
(-7.48552090116257e-34,-5.37706945061628e-34)
(-8.64992190436312e-34,-1.51155193227041e-34)
(1.14823333718751e-34,9.17056671816123e-34)
(-7.21516635178573e-34,5.13419080521321e-34)
(-8.66811175920194e-34,9.9029869308093e-37)
(8.49355281416554e-34,1.41735666597062e-34)
(2.23061285153393e-34,-7.84203607916372e-34)
(7.65676855855309e-34,3.64917949868061e-34)
(8.1622104552871e-34,-1.03365031960022e-34)
(3.85556261538862e-34,7.34275426624708e-34)
(-5.9688478064238e-35,-7.57537841068465e-34)
(8.27256517899978e-36,8.00538556433127e-34)
(6.54423262265905e-34,-3.64724859970326e-34)
(-2.80932842118768e-34,-6.70345287725282e-34)
(-6.75210078551006e-34,3.20494471316546e-34)
(5.1741346385892e-34,5.23175574661983e-34)
(5.3770106875086e-34,-4.56526908113474e-34)
(-4.39957652701533e-34,-5.06989225636901e-34)
(-6.6585056454383e-34,7.43766604804351e-35)
(-6.16289938738249e-34,-2.30873192208796e-34)
(-3.75905998142867e-34,5.63517116086942e-34)
(-6.266298404351e-34,-6.72509059602307e-35)
(3.04971665758042e-34,-5.17770917550756e-34)
(5.7604531883223e-34,-2.42686620684212e-34)
(-2.66470102882701e-34,5.53350407737299e-34)
(6.30734570237919e-34,2.51791807041243e-35)
(4.00863747909134e-34,-3.89333837215567e-34)
(-1.28032228894647e-34,-5.65692665309257e-34)
(-5.3588430736375e-35,5.98524897104773e-34)
(-3.58441812013707e-34,-4.22241311671166e-34)
(7.9396337692129e-35,6.04653494659706e-34)
(7.30023779845575e-35,-5.3414332539025e-34)
(-3.5051954953951e-34,4.30628096090874e-34)
(4.20609700274807e-34,3.64261427437336e-34)
(5.17465929506036e-34,2.02526557187536e-34)
(5.02709969689569e-34,-7.08321081892151e-35)
(7.72317797747846e-35,5.16936859662268e-34)
(1.49386564903793e-34,-4.46653499587321e-34)
(4.24917228839659e-34,1.81691944151223e-34)
(-7.61886087906582e-35,-4.28065567386215e-34)
(-4.41109423960521e-34,-1.56760062872845e-35)
(3.0004916054479e-34,3.46393406712484e-34)
(-3.68811173420834e-34,2.24666064869778e-34)
(-2.79309831863774e-34,3.30594578593921e-34)
(2.31957807546053e-34,3.49651319096516e-34)
(-2.48078019660133e-34,-3.4919320207501e-34)
(-3.9943309342789e-34,1.58166034125647e-34)
(3.33121941706911e-34,-2.29951067154968e-34)
(-3.20581877090378e-34,-2.26290854302098e-34)
(1.52147459358208e-34,3.82454993907647e-34)
(3.83165357604689e-34,-9.02844508745093e-35)
(-1.8442241878454e-34,3.52470486467521e-34)
(3.86079336073711e-34,-3.6733600747779e-35)
(4.91188584373304e-35,3.97290173766659e-34)
(-3.4855210934376e-34,-1.72060529064362e-34)
(-3.99903619793045e-35,-3.74221063719821e-34)
(1.32070793690848e-34,-3.3209053734954e-34)
(-3.72735755649757e-34,8.04823767444287e-35)
(-3.17008921095021e-34,1.83789293353648e-34)
(5.19880990762283e-35,-3.38435914611369e-34)
(3.31484199863257e-34,8.74764189397657e-35)
(1.58631829692117e-34,-2.85664327468232e-34)
(2.82512047704574e-34,1.9854453118828e-34)
(2.15876451748821e-34,-2.36207820289614e-34)
(3.20110907391953e-34,5.07474534638575e-35)
(-1.61156628007731e-34,-2.81613154738568e-34)
(-3.36770021102357e-34,-5.98341151443421e-35)
(8.12543223597913e-36,3.37014865755673e-34)
(-1.5100223304519e-34,2.9323726233395e-34)
(1.79651088686758e-35,-2.91767245319779e-34)
(2.69536107412671e-34,-1.10365046090942e-34)
(-3.06212177252082e-34,-4.45427329016733e-35)
(1.56252330245568e-34,2.57441095489732e-34)
(-2.73877533813912e-35,3.04126561176789e-34)
(2.50113195068551e-34,-1.02523889501315e-34)
(-2.08185015177744e-34,-1.83850324510465e-34)
(-2.27870777006444e-34,-1.52806013265006e-34)
(1.30509442597684e-34,-2.00794985619141e-34)
(1.97762363718616e-34,1.79320919145787e-34)
(-2.41037300454076e-34,-1.00489419856304e-34)
(-2.50298724133041e-34,9.37310630896187e-35)
(2.3092724326592e-34,-9.20732954753113e-36)
(2.2383149437294e-34,-2.42665001467662e-35)
(-3.24122490662688e-35,2.60978323815664e-34)
(-1.78528117304473e-34,1.64055418488349e-34)
(-2.43702944761708e-34,7.23847041965754e-36)
(1.90573942630019e-34,-1.03173489610572e-34)
(-8.68737899922187e-35,-2.12298743314135e-34)
(-2.05603593179676e-34,1.25032467382251e-34)
(2.04099599830995e-34,8.81452275940596e-35)
(-3.92257987850546e-35,-2.0850740529806e-34)
(-9.71416974193944e-35,2.11291579753259e-34)
(1.42074132275254e-34,1.58662086694343e-34)
(-2.14451683030829e-34,-4.03199246169523e-35)
(-6.79968429185428e-35,2.08645781330461e-34)
(1.0132517991565e-34,1.80216276898053e-34)
(-1.42502865245996e-34,-1.40563622281934e-34)
(1.76408674181655e-34,1.04064494544099e-34)
(-1.92790818493959e-34,7.0920407791635e-35)
(-2.92264039903355e-35,2.02534141527329e-34)
(4.87514555590974e-35,-1.83803317124798e-34)
(2.10373149022929e-35,1.94227913771244e-34)
(-9.55161266718213e-35,-1.56721789288926e-34)
(-1.7044046919086e-34,-7.12115954939575e-35)
(-9.2364344395346e-35,1.60892987025335e-34)
(-1.80189537885252e-34,-2.98366523553528e-35)
(3.13609706160289e-35,1.74071170129497e-34)
(-1.78343506182962e-34,2.27411147234481e-37)
(9.17655427616404e-35,-1.47993787558629e-34)
(1.61848547098113e-34,-6.29106049059513e-35)
(1.63835794859098e-34,2.89274459176762e-35)
(-3.60044022709986e-35,-1.6386423723561e-34)
(-1.57481571932747e-34,-2.87348537843599e-35)
(1.32672010322589e-34,-8.51914668005425e-35)
(-2.51074371219197e-36,1.55992714524658e-34)
(6.09351148938541e-35,-1.43413543740389e-34)
(1.36131195928509e-34,7.39102663896157e-35)
(-1.2091991033488e-34,9.03432561110223e-35)
(-9.35605032706251e-35,-1.18051025342304e-34)
(1.48289206434449e-34,-2.16972190102587e-35)
(2.71015989977191e-35,-1.4950370574249e-34)
(-6.29026667281569e-35,-1.31542967916027e-34)
(1.41395790217635e-34,1.53073912521814e-35)
(-1.17653828738946e-34,-7.79738017040564e-35)
(2.46703336937465e-36,-1.40255513569593e-34)
(1.26243926520515e-34,-4.24223540051355e-35)
(1.14607595777858e-34,-6.47779279239688e-35)
(-9.40303152988026e-35,1.07734885819492e-34)
(1.31699344797417e-34,-6.66054345789237e-36)
(-1.31390639734664e-34,2.36996057365847e-35)
(8.46899686189508e-35,1.03879231236876e-34)
(-1.20243002926526e-34,4.78185565439088e-35)
(6.90667312312415e-35,-1.05693664131868e-34)
(-3.1204735500022e-35,-1.25960156014017e-34)
(-2.8162768265972e-35,1.19968533056065e-34)
(8.7728792539711e-35,8.8376706528001e-35)
(-9.087281275021e-35,7.6344770818428e-35)
(-7.38545993303651e-35,9.51931847991471e-35)
(1.11443269644726e-34,4.75558807297232e-35)
(-1.12266659418739e-34,-3.8979182885773e-35)
(-1.13905820935117e-34,9.31354224509597e-36)
(-8.60070281998779e-35,-7.8227110655353e-35)
(4.56750690519115e-35,1.04519754125831e-34)
(-5.11580411940612e-35,9.44787402822568e-35)
(8.39007479331607e-36,1.06375224274148e-34)
(4.25409156316645e-35,-9.83996252469348e-35)
(2.6672451592316e-35,-1.04158866278173e-34)
(1.96740724202881e-35,1.02342465918145e-34)
(9.08420660371544e-35,4.93482363207121e-35)
(-2.19721665062795e-35,-1.00092110512941e-34)
(-8.18357780226891e-35,-5.22333385950307e-35)
(7.30108186682949e-35,-5.82838711729189e-35)
(-3.85823786796539e-35,-8.61354359469495e-35)
(5.49106119724201e-35,7.3021404279426e-35)
(-8.69604198757714e-35,1.35214413551226e-35)
(3.76109201614602e-35,7.99354481892136e-35)
(-4.67907756250847e-35,-6.97472305557449e-35)
(7.90790463675069e-35,-2.79574283166229e-35)
(8.22769913143669e-35,2.1152705762951e-35)
(7.10889551528633e-35,-4.34612568371893e-35)
(-2.74506745972186e-35,7.80047641458251e-35)
(-2.41123532870459e-36,8.17063339089353e-35)
(6.41140160985883e-35,4.8397507462867e-35)
(-6.95730927196347e-35,-4.02118899897206e-35)
(-7.91265512879276e-35,2.05188313598775e-35)
(6.63054351890933e-35,3.65147216996812e-35)
(-7.18763959441376e-35,-2.37122472482776e-35)
(-5.06486312909687e-35,4.79296721625736e-35)
(6.99256530765133e-35,1.18787702800715e-35)
(2.26225892200565e-35,-6.91044709494222e-35)
(2.65520225150343e-35,6.479277145798e-35)
(1.65279909947121e-35,-6.74214293788906e-35)
(-3.34272806553659e-35,5.82225280271091e-35)
(-6.13377710023702e-35,2.93515185112182e-35)
(6.184384094899e-35,5.15390879844813e-36)
(-1.13953946689268e-35,-6.37366303705047e-35)
(2.933883239442e-35,5.39089695818724e-35)
(-5.60569479283125e-35,-3.04330642372395e-35)
(4.20267429732562e-35,-3.96721024862855e-35)
(-9.1605000156553e-36,5.75562059597166e-35)
(-5.15026164296033e-35,2.60882931939837e-35)
(-5.745368798982e-35,3.19990840647179e-37)
(4.24896200508563e-35,-3.22971574112863e-35)
(2.69445727395716e-35,-4.64851430646096e-35)
(1.01352048334107e-35,-5.36348076844068e-35)
(-3.66586036027969e-35,-4.11166390323307e-35)
(4.37445189044023e-35,-2.59959485546771e-35)
(-5.19376408524518e-35,1.73144938386902e-35)
(-1.04916775809779e-35,-4.8933755837912e-35)
(-4.79640416057335e-35,-1.53013505259612e-35)
(-3.43529899577687e-35,3.65729015755514e-35)
(4.33808042402183e-35,-1.51171006189825e-35)
(-2.02223861630759e-35,-3.79134432013813e-35)
(4.20405548035832e-35,7.71157485624209e-36)
(-3.3116788967929e-36,4.44562549871903e-35)
(3.72273112283301e-35,2.09938651222945e-35)
(-4.22257545252696e-35,6.52062428023374e-36)
(1.80437815655928e-35,3.8237817391626e-35)
(1.90960860276643e-35,3.42118756218474e-35)
(2.74490970407769e-35,2.34216623956859e-35)
(-3.76615158286986e-35,-1.32010078048571e-36)
(-1.32140977622379e-35,-3.07811324265199e-35)
(7.82771492525664e-36,3.45051606836992e-35)
(1.01599720926707e-35,-3.115445650251e-35)
(-3.10637983049163e-35,-9.99255707406701e-36)
(-1.44392854933403e-36,3.33986054716267e-35)
(-2.28246766999608e-35,2.20206737410717e-35)
(3.00987287803393e-35,-4.4277138044467e-36)
(1.17802643499054e-35,-2.46960532743125e-35)
(-7.72230894484129e-36,2.73402819243022e-35)
(-1.47177137061881e-35,2.29134794790696e-35)
(4.43770110065056e-38,-2.66469130378502e-35)
(-2.17473166163031e-35,1.53318439320865e-35)
(-2.03869278341894e-35,-1.53837851102213e-35)
(-1.4834848142091e-35,-2.04467352254697e-35)
(2.43831209486424e-35,7.18520255148339e-36)
(2.0247228055353e-35,-1.34980681920756e-35)
(6.8314534844171e-36,2.32385592138429e-35)
(-2.34314415458357e-35,-1.47332843199779e-39)
(2.13000306701298e-35,1.01520704232859e-35)
(1.20011801889054e-35,-1.96476402552587e-35)
(-1.90787553181799e-35,-6.28205863678116e-36)
(1.42013657412555e-35,1.42476157734513e-35)
(-6.91470948317153e-36,1.93014770436989e-35)
(-4.4301012617954e-36,-1.87154478712837e-35)
(-6.8119714362443e-37,-1.91965086925417e-35)
(-1.73888259034567e-35,-5.39552846705252e-37)
(-1.5617617471107e-35,8.50436252357881e-36)
(1.72670320751547e-35,-2.34109123196151e-36)
(1.55132838021499e-35,-7.38145109849123e-36)
(2.02735055040752e-36,1.65754496452425e-35)
(1.37022047347386e-35,7.21491902698398e-36)
(4.37326754618763e-36,-1.49413835283755e-35)
(-6.07065925269761e-36,1.32835401585348e-35)
(1.08627716291978e-35,-9.31698868105438e-36)
(-8.23156973781142e-36,-1.09553957548367e-35)
(-9.43786030479077e-36,-7.80630340712455e-36)
(-1.20704634717504e-35,2.87716798859978e-36)
(-1.16862191661585e-35,-1.47003526733862e-36)
(3.25452903668094e-37,1.23221076425908e-35)
(5.9641901354581e-36,1.00103297369882e-35)
(-7.38443689630901e-36,8.86852627942441e-36)
(1.14122806961058e-35,6.7331489736797e-38)
(3.66229831909155e-36,9.50109430197512e-36)
(-8.6499721469096e-36,4.91448457850997e-36)
(-5.45764668538326e-36,-8.31440060063723e-36)
(-2.45639850266554e-36,-9.04438707299794e-36)
(4.73600892225216e-36,-7.64607780017309e-36)
(5.2023021386929e-36,6.34135271469524e-36)
(7.11826481336597e-36,-3.82348371882258e-36)
(-3.3939492192947e-36,6.9167702653912e-36)
(6.20623011007896e-36,2.71965209869696e-36)
(-6.95214746019708e-36,1.23916827678594e-36)
(4.44685175515941e-36,-3.69187351013992e-36)
(-1.7757679838505e-36,-5.7614426375026e-36)
(1.79173155701834e-36,5.46888396524225e-36)
(-5.02756964935057e-36,-2.49061465119481e-36)
(1.11275010970234e-36,-4.9564103302274e-36)
(-3.41168457528379e-36,3.09533607245039e-36)
(-3.72742628165494e-36,-1.84167330824963e-36)
(-1.5998527852148e-36,3.59099605626743e-36)
(-1.05545691200451e-36,3.66382034442133e-36)
(-3.23252815723449e-36,-7.05237199082612e-37)
(1.97060172499713e-36,2.02512536124762e-36)
(2.70931889746851e-36,9.94678250904141e-37)
(3.28250502200183e-36,-9.79973032915603e-38)
(2.9469235608571e-36,-1.04362047581987e-36)
(1.03513505153668e-37,2.16370376035352e-36)
(1.08155109341408e-36,-2.48750040346416e-36)
(-1.26056150890212e-36,-1.55896976452602e-36)
(2.5780057040649e-37,-2.58809178090685e-36)
(-6.54945230176231e-37,1.2360052633399e-36)
(-7.58649962988095e-37,-9.33983905622674e-37)
(1.60716316537575e-36,8.16602880030251e-38)
(6.77777015537167e-37,-1.22616914301003e-36)
(-3.01753413220067e-37,5.637354599891e-37)
(7.06399519556717e-37,1.24072342004678e-37)
(1.56629905114539e-37,-7.7195514450401e-37)
(-4.82691914419372e-37,2.64341011684843e-37)
(3.50244803459438e-37,-2.86833818209339e-37)
