(-0.712953718884401,-0.0562453144178088)
(-0.65253770753735,0.190098892922888)
(-0.649267904461874,0.18763428474813)
(-0.108396691159816,0.613477220045594)
(0.279811928588362,0.535472670925454)
(0.580723027690266,0.137899903108841)
(0.51866572217121,0.241566238267803)
(0.445339817454974,0.313747568495225)
(0.420726664684722,0.332757518875025)
(0.485967313730083,-0.229997057168497)
(0.536027643251002,-0.052061251290812)
(0.0821283815355704,0.515811064135951)
(0.510885998429967,-0.0865899147459438)
(0.357017664037046,-0.377050110048227)
(0.0782176640432872,0.485826601226606)
(0.295231396117117,-0.40393200144729)
(-0.453044255625894,-0.120631379233114)
(0.149253859690584,-0.46097201841149)
(0.141108875193957,-0.444583092080664)
(-0.126629160281173,0.442783705881729)
(-0.128774850312423,0.438305510296844)
(0.372807441719947,-0.252618492288555)
(-0.1509985324286,-0.414133196075346)
(-0.0193507113438181,-0.442324879278899)
(0.372633918681412,0.179686369033917)
(0.337006127232437,-0.189724145199555)
(-0.240925579165898,-0.292932210459099)
(-0.0971108904653663,0.319730691611586)
(-0.0343048587846626,-0.361319191527838)
(-0.334595422601605,0.0640214387850704)
(-0.230196240559651,-0.265807502928552)
(-0.253762198004469,0.211928701217911)
(-0.268786189058034,0.181708596873642)
(-0.0166576963842361,0.318396747938048)
(0.144644442229783,0.291259426940115)
(0.182984905582322,0.264353026729267)
(-0.329293669226145,0.00545794528365625)
(0.301371501768538,0.10695539310062)
(0.324201069227073,4.81089735142593e-05)
(0.169375045824217,-0.296233613347909)
(-0.218605548597038,0.214967290627286)
(0.00245775522006148,-0.331201765485579)
(0.28921312889242,-0.142935857853702)
(0.307720072843367,-0.0754790939988353)
(-0.296679420198092,-0.0937541428625863)
(-0.297265592700829,0.0279955781673395)
(-0.256112207003363,-0.17239785851579)
(-0.0888683441418322,-0.30851765455762)
(-0.286018391763296,-0.0195281510806231)
(0.0681646589348305,-0.299807485043468)
(-0.114725765066916,-0.284416266881776)
(0.0395833852793,0.273122698252399)
(-0.0982110299329979,-0.276620291790209)
(-0.122621195352391,-0.264056898665626)
(0.141012439025408,-0.255394932614243)
(0.27289666499941,-0.0600801485229325)
(-0.231754672622657,0.110150529548709)
(-0.0521786671373694,0.250840820301363)
(0.122605557776322,0.226105020207247)
(0.259591895454329,-0.088008189853171)
(0.145825386026737,-0.231279561110167)
(-0.0511072502334582,-0.266631661890913)
(0.228096092068629,-0.129401294203785)
(0.225119241358832,-0.123590116694024)
(-0.225012435473875,-0.129352080596064)
(0.173998250963381,0.165923644515828)
(0.0121868915937477,-0.253489315225658)
(-0.219288427444866,-0.113065880764329)
(-0.106998790221824,-0.222792982474175)
(-0.229844917619842,-0.00986896542538078)
(0.041356551098716,-0.235129303443693)
(-0.104235491006749,0.200707970747375)
(-0.207332153780725,0.0766010767031046)
(-0.0879816339878512,0.207563065786205)
(-0.152393273881516,0.148364033247585)
(-0.109784984780282,-0.183781167110821)
(0.17057752405202,-0.144953376713519)
(0.0442168760661691,-0.215742875683503)
(-0.055158869961512,-0.198833988416445)
(-0.197572302859338,-0.0430493401525586)
(-0.180191530234467,0.0909709702532945)
(0.0881427968373986,0.180187209586461)
(0.0628132322540039,-0.190529729050033)
(0.193644741369185,0.0576125916278658)
(0.17466236938286,-0.103172216003392)
(0.125151510401704,-0.154985782970846)
(-0.0349331623080655,0.185444020190405)
(0.189881559147328,0.0141638817752545)
(0.178069414731049,-0.0154793263910903)
(-0.121340010842993,0.108497701743819)
(-0.00923351940319777,0.163269832017354)
(0.123115298826908,0.105537563751909)
(0.138831381876018,0.075194061609023)
(-0.143042090116588,-0.0107829084071026)
(-0.142787528728583,-0.00882545251287562)
(-0.0156890769460665,0.14824931403385)
(0.0871096887098848,0.122369171320618)
(-0.0501478240479469,0.134346325068807)
(-0.134220567054117,0.0295849112761522)
(0.146372660728512,0.0245707494434521)
(0.0540845204267589,-0.127077187755293)
(-0.129529136292847,0.0348410823308492)
(-0.127852553191999,0.0408573963519026)
(-0.129748454054937,0.0402433133389393)
(-0.126112762158011,0.0447737394523305)
(-0.108162316393291,0.0629918714343838)
(0.0213399773063969,0.133832672126177)
(0.076194597067182,-0.108092972155512)
(-0.0597777802980901,0.106203914668749)
(0.132170512556098,0.0178534358405317)
(0.0542489379698334,0.115945043612739)
(0.104654234864416,0.0756149537873825)
(-0.111924229890209,-0.0195681929098515)
(-0.0663436689465612,0.0994729845423459)
(-0.0187603706202134,0.122211325806688)
(-0.0835519948914134,0.0816205391819069)
(-0.0171097077467557,0.121809124535366)
(0.126488147296673,-0.0240587339458759)
(0.057880843654421,0.106140657694576)
(-0.0104648593341699,0.117757091248844)
(-0.101853157041811,-0.0309181734439858)
(0.0522918547861765,0.104567742732081)
(0.118233808451269,0.0250489164372602)
(0.118254431478098,0.0244327769263654)
(0.106343731195165,0.0487172349627283)
(0.104818555183035,0.0494661926140037)
(-0.0455881375793326,-0.0917147271575324)
(-0.0807724150235465,0.0642346908340458)
(0.0538275151179994,0.0961719626468474)
(0.103937462233558,-0.0427684022520168)
(0.113073946025416,-0.0093092086456415)
(0.0852021294487826,0.0678429501216631)
(0.0915119589010277,0.0627490680974414)
(0.0889822966316183,0.0634138253811068)
(0.0888610998816842,0.0620475544064854)
(0.0976830487489393,-0.0483847701639401)
(-0.0292894603498663,-0.0914419095315107)
(0.0190018025624264,0.103403424805837)
(0.0982794466825035,-0.043231013563599)
(0.0703985716287866,-0.0766033685284508)
(0.0663034426225467,-0.0799725736241658)
(0.104283245318195,-0.0107658086601155)
(0.0150312639025935,0.101409677207692)
(0.10329032725173,-0.0191076002955531)
(0.0291563736702324,-0.094397897098456)
(0.102770367811007,-0.0138404744850849)
(0.0915269631456241,-0.043984939871927)
(0.0282496843985689,-0.0939764774178293)
(0.0369287652611634,0.0941850663334351)
(0.0599250816886392,-0.0804671761736812)
(0.033483360032877,-0.0915187522055895)
(0.0588916919903519,-0.079486443435776)
(0.0889126480622082,0.044068824338678)
(0.0739363477057126,0.065833602382189)
(0.0247653123470066,0.0963334848709088)
(0.0168496744152401,0.0962654836213201)
(-0.069040123244211,0.0691407485996629)
(-0.0884325663196487,-0.037266867395747)
(-0.0935910110973245,-0.0234277527969841)
(0.0781754176149366,-0.0522549509128198)
(-0.0939700821395147,0.0160163509020976)
(-0.0338460466705561,-0.0856654848056402)
(-0.0461456403435191,-0.07760422565462)
(-0.0300283698633966,-0.0866625887477462)
(-0.0805902350935768,0.0461830480545944)
(-0.0897910148053754,-0.0209898187862972)
(-0.0233055332462019,0.0899236189484215)
(0.04998964883367,-0.0750402434969788)
(-0.024569050388453,0.0880170941957393)
(-0.0266304345828632,0.0868635497340508)
(-0.0203082721377777,0.0881606143470464)
(0.0304556978344478,-0.0832600754496624)
(0.00957664423360293,0.0867612451889346)
(-0.0463019369402748,0.0688711855818929)
(0.0842003729669328,-0.0167225058442247)
(-0.00121069789980791,-0.0856888590515074)
(0.0838462822016087,0.00238601029766509)
(-0.00465797499437295,-0.085191152981745)
(0.0761118125489633,0.0320731729031334)
(0.0700036880277153,0.0342033408974699)
(-0.0818583392193112,0.0109322695232631)
(-0.0496420574145105,-0.0605069684667257)
(-0.0356352728458402,0.0702257493360955)
(0.0591002695156117,-0.047291232831346)
(0.0679069473036122,-0.0374922134667273)
(-0.0648983337995473,-0.0377161662170015)
(-0.0488839552722215,-0.0556507534969462)
(-0.0769394870036463,-0.0117645829005102)
(-0.0147312186516341,-0.0726402666615911)
(-0.00585299757418094,-0.075333673007971)
(0.0641786525830204,-0.0383680635101505)
(-0.0470520111959601,-0.0553749873995754)
(-0.0402411676943241,-0.0602007160247843)
(0.0621255687544581,-0.0357019489602808)
(0.0698981047514823,-0.00853202228883936)
(0.0697013013612358,0.00585305557543348)
(0.0648900649293284,0.023597212054759)
(0.00318366346673665,-0.0699958071324651)
(0.0177824380350334,-0.0668630176664244)
(0.0337721719892458,-0.0604195399199236)
(0.0211595915644644,-0.0652586503106602)
(0.0343848149525259,-0.0593856731551201)
(0.0353827494494073,0.0569271623677659)
(-0.0134593818463832,0.0682033935814031)
(-0.0449014834281815,-0.0501988117348718)
(-0.0710034209000879,0.0196684836635505)
(-0.00157816102537069,0.0668677227180532)
(-0.0698731261257259,-0.00386278445282191)
(-0.0232839664072101,-0.0627226857843609)
(-0.051843323469681,0.0465653001452306)
(-0.0685518745143339,-0.00155649580686235)
(-0.0478552484258329,0.0466365801267671)
(-0.060719333605592,0.0305358999524414)
(-0.067737719324583,0.00726905516870372)
(-0.0658030076344708,0.012532649031165)
(-0.0673758359378006,0.00295441171331981)
(-0.0609869421919702,0.0250896763368977)
(-0.0652167824144566,0.0139841837276109)
(-0.0540137994702242,0.0380226466852219)
(-0.0533318842489452,0.0372541465874464)
(-0.0655297213920658,0.00285458031517919)
(-0.0177846051719666,0.0620813904993506)
(-0.00309969064663675,0.0633378510699681)
(0.03900161466022,0.049483644511331)
(-0.0278605849354672,0.0528885182797197)
(-0.0463545728121096,0.041327510069676)
(-0.0412880968306395,0.0454353833568422)
(0.0638596235970891,0.0181104215163474)
(0.0287609589238174,0.0552555177493982)
(0.0340425276432397,0.0508699009764764)
(9.07140643962157e-05,0.0602089209394236)
(0.0589436073762363,0.0240015147080473)
(0.0299007586755315,0.0525281474514888)
(0.0657270702867332,-0.00550173760744012)
(0.0186278454479389,0.0558497196519776)
(0.0495356722998581,0.0341020416484531)
(0.0564452738846826,0.0242125221791413)
(0.058250051783696,0.0205954441934757)
(0.00494352784788412,0.0577749123610295)
(0.0628662806780461,0.000736956419226698)
(0.0631682613564171,-0.0160911255538223)
(0.0592466247903822,0.0120058927524029)
(-0.0390982806084134,0.0413902960713218)
(-0.009051026843084,-0.0637769473948237)
(0.0482246453492939,0.0317384017879959)
(-0.0104833604630106,0.0544726990834766)
(-0.000621124253547499,-0.0632019256106305)
(-0.0628557445983048,-0.00610472849011182)
(0.0127501816577764,0.0535284109945373)
(0.0551352266464138,-0.0287370110803081)
(-0.0590738643543189,-0.0188988211320262)
(0.0593370998835912,-0.0159916005102704)
(-0.0578000691028611,-0.0178321156213001)
(-0.0506644281595061,-0.0334166294247668)
(-0.0328922855213464,-0.0507332313746009)
(-0.0486259247060398,-0.0341576302057213)
(-0.0588541183516693,0.00992400902005601)
(-0.0276356195601506,-0.0543889486985348)
(0.0287750333159637,0.0448147567147138)
(0.0280435039548907,-0.0515408180599943)
(0.0117925793274855,-0.0579353992639551)
(-0.0531228821330049,-0.0250930627599184)
(0.0283446159125449,-0.0486742816884447)
(0.0264984899608961,-0.04991068695261)
(0.057370127187601,-0.0136444518623081)
(-0.0107324753855923,-0.056568367099609)
(0.0463509183285758,-0.0303704478604937)
(-0.0546793235131699,0.0118057115550513)
(-0.0254304012195445,-0.0527923229272296)
(-0.0574636844305806,-0.00626950852253018)
(0.0485898854115814,-0.0274498723355158)
(0.0555256805454411,-0.0106252773306421)
(-0.0557586389967002,0.00170001301494259)
(0.0536888185849035,-0.01500980785283)
(-0.0234033968550673,-0.0508823780516138)
(-0.0249095856568895,-0.0503123306019081)
(0.0120334653857412,-0.0529239943329996)
(0.0109170394959616,-0.0531016261659094)
(0.0508234588621089,-0.0194072564858657)
(0.0535002881519973,-0.0115653047023405)
(-0.0528364699371296,-0.00951014234820658)
(-0.0196726936068303,-0.0501207895574081)
(-0.0466404895248909,-0.0258711622473512)
(-0.0472115148152458,-0.0243547794774274)
(-0.0535084914176634,-0.00114207712487312)
(-0.000257698601516525,-0.0527158932262344)
(-0.0246768654022446,-0.0481015892476272)
(0.0363076171838501,0.0376169741361807)
(-0.00262224860887496,0.0518798054029434)
(-0.0446544506606672,0.0260216344143119)
(0.0138223716846298,0.0482189145725893)
(0.00950428108430877,0.0495100675169463)
(0.0231200149448567,0.0437190113147982)
(0.0519617126201783,-0.00935174810692179)
(0.050776719472317,-0.0159218009390085)
(-0.0510518290616894,0.00673419685774265)
(0.00327657095585304,-0.0518519261654819)
(0.0271483731897099,-0.0448508388882232)
(0.031257482867709,-0.0409687808267818)
(-0.0123161577894126,-0.0495851091663961)
(0.00148382641158298,0.0483989619215646)
(-0.0101059325036228,-0.0494912023092404)
(-0.0218428273651253,-0.0458314307099842)
(0.0414746895635976,-0.03028994634739)
(-0.0462935769391774,-0.0168166081086588)
(-0.0485163632585956,-0.00970259234404193)
(-0.0106433452547736,0.0472709467547744)
(-0.0423451408316826,-0.0238773060925835)
(0.0446140591909802,-0.0254360016810683)
(-0.0090879651173048,0.0476789012441051)
(-0.0350141632864395,-0.0313986273595309)
(-0.0153612156976456,0.045009194283863)
(-0.0221620704799566,-0.0425662478972751)
(0.001807516274248,-0.0491895926804115)
(0.0425097469631844,0.0201111369978199)
(0.042798723085702,-0.0241388455412654)
(-0.0103754509334884,0.0457837325151242)
(-0.0480826679905426,0.00437398922476034)
(0.0230668277050881,-0.0419096534144111)
(0.0329260548845701,0.031566500545929)
(0.030358896890148,-0.0366220948709358)
(0.0459598004337317,-0.00491110627505558)
(-0.0471256873719141,-0.00322935911116097)
(-0.0406169135758032,-0.0214954903235527)
(0.0426095288521511,0.0125158157220818)
(0.0338714087375416,0.0283681929508465)
(-0.039163980951315,0.0233223714720559)
(-0.0430247813687818,0.0149953443125407)
(-0.0290678974952406,0.034486721370685)
(0.00715499361965255,-0.0459136528680786)
(0.033896903027516,-0.0303937591686717)
(0.027133190162719,-0.0359737518083917)
(0.00811067299593485,-0.0447810057676931)
(-0.0174487692673829,0.0397269973780353)
(-0.0198458020490955,0.0381014792166711)
(-0.0436545833427716,-0.00137649646514167)
(-0.0300684799855367,0.030594379531416)
(0.0334842799747038,-0.0279689974636721)
(0.00823535402763476,-0.0426619899630902)
(0.0364472419776827,-0.0221060228937905)
(-0.0356561960543408,0.0213353643766381)
(-0.0255604441743559,-0.0326845911289949)
(-0.0409465366988689,-0.00853453372119434)
(-0.021309101894965,-0.0348925056445902)
(-0.0286132921480201,0.0283607556499524)
(-0.0360815805639967,0.0180939561095392)
(-0.024399870674268,-0.0304415648104437)
(-0.0370532133167924,0.013607632213317)
(-0.00125925604117048,-0.0398669237589565)
(-0.0124084284715116,-0.0374755821542457)
(-0.0115676805253058,-0.0379665933464515)
(-0.0321542462726101,0.0216052249193422)
(0.0192906713362266,-0.0351617928807691)
(0.0341506304669367,-0.0223138692950562)
(0.0187886746065701,0.0353205805391375)
(-0.0373899682374263,0.00820288332544367)
(-0.0108932072293588,0.0373623926383685)
(-0.0379301762043896,-0.0074302567823207)
(0.0405105957354302,0.00255389691992578)
(0.0387955366171829,0.00976023068862435)
(0.0264173780986216,0.0285639001210525)
(0.0399689656576745,-0.00562019168675854)
(0.0147031523320137,0.035373844480887)
(0.0282691395611745,0.026146465702201)
(0.033699325419701,-0.0203414554526158)
(0.0113957642826526,-0.0364482151567552)
(0.0163122813326991,0.0343796064995928)
(0.0387516063255296,-0.00723034114665395)
(-0.0366293889020991,-0.00122620040420563)
(0.0234663745264918,-0.0299479695280961)
(-0.0358800599030469,-0.00493392015310833)
(0.0365449383721575,0.011200960222238)
(0.00905830045166469,-0.0353758286419786)
(-0.000689147211859219,-0.0363517104389912)
(0.0232796488019496,-0.0289588620068339)
(-0.032710844479526,-0.0143305865345873)
(0.00490539433280283,0.036577906149336)
(0.0371493330417919,0.00271344381511956)
(0.0268244631478089,0.023443259917016)
(0.0366504696558645,-0.00695569456183023)
(-0.00127260220222727,0.0365769678129792)
(-0.0124635968813152,-0.0323294097153576)
(0.0328550522080828,0.0141084915042234)
(0.00417413545077679,-0.0340215729709916)
(-0.00665431153930725,0.0353747554844483)
(-0.0244719522237651,-0.0234307188940045)
(0.034480202439349,0.00806512833139087)
(0.0214352859891817,-0.0270286014141315)
(-0.0144434415200234,-0.0304597676855448)
(0.0252842253074513,-0.0231382485534554)
(0.00135696835937914,0.0348486589391926)
(-0.0315196592799255,-0.00975121117816978)
(-0.0126139982246881,-0.030067327748214)
(0.0340149565641493,-0.00290606730930253)
(-0.0207412383993556,0.0248164716969782)
(-0.0321734437406022,0.00128550956455751)
(0.0308804303651237,0.00980260147204158)
(-0.0127304495351728,0.0301704228420851)
(0.0165633880063547,0.0270340890527389)
(0.000803439901372184,0.0332517625376066)
(-0.0251068390572848,-0.0191168499618928)
(0.0320187801458815,-0.00821542776029055)
(0.0269782484358984,0.017111256376572)
(-0.0293029080906695,0.0115864225477234)
(0.00109132891646571,0.0319667576562599)
(0.0286415633262803,-0.0148677235228594)
(-0.00999199648801185,0.0295261801363644)
(-0.0231400096935871,0.020825112073607)
(0.00105499945534082,0.0316682536209611)
(-0.00166723361374232,0.0311781101834399)
(-0.029245331922019,0.00824808229268546)
(-0.0281562452747582,-0.00937533265134817)
(0.0198543453309533,-0.0246680861034724)
(0.0200196086298984,0.023583175512622)
(0.03123429209109,-0.00591105942902019)
(-0.0237978170759308,-0.0169990500437555)
(0.0237117332328322,-0.0201839808672104)
(0.0272858428437388,-0.0159413130110203)
(0.0234219242415604,0.0196926700802789)
(0.0264245693060481,-0.0165439670262083)
(0.0314612979706658,0.00480110518354239)
(-0.0227111302387573,-0.0175328699077442)
(-0.00792317516535391,0.0290246131870408)
(-0.00211463970232379,-0.0310142341504852)
(0.0265777720625543,0.0146610185777541)
(0.0165548710899389,0.0243882748803004)
(0.00913752621149952,0.0272562149308158)
(0.023980050241953,0.0174267621828945)
(-0.0128673227593123,-0.0263737287703202)
(0.0301979682715876,0.00291505083217024)
(0.00637754854567489,-0.0295614095184175)
(-0.0101041305265174,0.0267474534186186)
(-0.0115160331907349,0.0256587896352529)
(-0.0021373438571724,-0.029088888698004)
(-0.00712781703596528,-0.0277800512504174)
(0.0161798873357047,0.0234592908694668)
(0.0200552597400228,-0.0204563282464059)
(-0.000977248017911349,-0.0289675410473938)
(0.0255505176815154,-0.0138994774788739)
(0.00887186965096414,-0.0276368376013337)
(-0.014458284444679,0.0235000316326033)
(0.0270299552878508,-0.0101056171861177)
(0.0132070922662104,-0.0252771042046674)
(-0.0272617742503176,0.00366063994867545)
(0.0277111326472168,0.00611060140757846)
(-0.0242000245843871,0.0126438504702411)
(0.0284262300605832,0.00474843422976818)
(0.00306092785967594,-0.0279447826739797)
(-0.0252132345284551,0.010277242939652)
(0.0278681977538185,-0.00683664906226526)
(-0.00317756160720878,0.0278607629132882)
(0.0167141213306306,-0.0222118747919705)
(-0.0101986059405726,-0.0252058641255874)
(-0.00938221276512655,0.0254260987685976)
(-0.0259496728769142,-0.00379001958401969)
(-0.0186112581384035,0.0178883171026933)
(0.0269442115794224,-0.00446485606333725)
(-0.00199362330586317,-0.0266156886741509)
(-0.00159438768029812,0.0259689841751337)
(-0.0120534625569683,-0.0232209772539522)
(0.00447399448802871,0.0255571668052006)
(0.00967873785823704,-0.0249477854336843)
(0.0149657318968374,0.0211535120647595)
(0.0226742623385032,0.0131005261428701)
(-0.0252555784181873,-0.000399449380216225)
(-0.0245800290340394,0.00511569541794582)
(0.0143169947506842,-0.0207531498627787)
(-0.0231818691045919,-0.00749638403266912)
(0.0252258758096612,0.00283429250555703)
(-0.0180031622806197,0.0161580846668971)
(-0.0241259473268414,-0.000197791922436555)
(0.0128199265226072,0.0211147227690958)
(-0.0126731307353702,-0.0209371269751092)
(-0.0207762905690346,0.0120467094742024)
(0.0208396880900335,0.0132576639291145)
(0.0142738070818173,-0.020427774027427)
(0.022953542195484,-0.0100210169477653)
(0.00341629893318448,-0.0232554174002625)
(-0.0181323909894125,-0.0142911870605667)
(0.0194844679430785,0.01434818149448)
(0.0153085452014193,0.0180377839929978)
(-0.000694266004464212,-0.0225732609472879)
(0.0234408544977745,-0.00511177303753703)
(0.0109930714505958,0.0210178567763202)
(-0.00587951212633353,0.0228247802562702)
(0.0114806585804608,-0.0193189711818734)
(-0.00519046747047708,0.0229075545467032)
(0.0218048149179549,0.00666195228079085)
(-0.0166664619338829,-0.0140620179232473)
(0.0209240397826243,0.00802639104781906)
(-0.0103429710687546,0.0209010081716327)
(0.0195691062892226,0.0105560136858779)
(0.022394150143639,0.00114482871741578)
(0.0222228983321286,-0.00118288007622177)
(-0.00725981750158018,-0.0203226632516211)
(-0.0215862466461944,-0.00537493686800743)
(0.0184426905250067,-0.011272874213539)
(0.0207531340332593,-0.00761798535540669)
(-0.0176914170949161,0.0147062697420054)
(0.00931498725225456,-0.0188716478993937)
(-0.0222544323234206,0.00163654337534448)
(-0.0108698394668905,0.0197277046091636)
(0.0186867935514358,-0.00990021114958425)
(-0.0124384718295813,0.0189172379697567)
(-0.0187713534868326,0.0132307591879832)
(0.0211871850788834,-0.00273310926643864)
(0.0083948170060327,-0.0188664090601181)
(-0.0159238570490826,0.0159054780769274)
(0.0192433577799774,0.00903755895731167)
(0.02012360598406,-0.00619398721194049)
(-0.00209171010298165,0.0220918511435745)
(0.0101628409455538,0.0192305051129723)
(-0.0177553978864892,-0.0102638222588634)
(-0.0207230729982403,0.00685391466615762)
(-0.0205667272950273,-0.00368362276501973)
(-0.0153571836366338,0.0158501840624207)
(0.020522442385563,0.000804460503741916)
(-0.0100561067300538,-0.0181960031367846)
(-0.000491985831650722,0.0211626973844905)
(-0.0204994305885289,0.00348624011801806)
(0.0151464050551975,0.0134313168108518)
(-0.0194675318563381,-0.00558538510394832)
(-0.0152693472889656,0.0147899920376906)
(-0.0186965584296476,0.00958577935799596)
(0.010294400747849,0.0178765561699684)
(-0.0184747504173037,0.0101091986386419)
(0.00266285362299885,-0.0197511760996347)
(0.00199249160469521,0.0202030097813756)
(0.0113687396094255,0.0165692629950202)
(-0.0150243857041906,0.0143607549540455)
(-0.00835054560739542,-0.0183668169549252)
(0.00290981971757442,0.0196790369553534)
(-0.0189011364940608,0.0072597757559138)
(0.0143617438335173,-0.0131510134127291)
(-0.0108969539447111,-0.0162767191832305)
(0.00609378709624245,0.0187371383390366)
(0.0194223021412432,-0.00464837764999384)
(-0.00131406342227384,-0.0191118146059117)
(-0.00806075281070353,-0.0176388244265688)
(-0.0185205735172609,0.00611442547292909)
(-0.0178519156087342,-0.00603000025875274)
(-0.016028170167735,0.011054315497952)
(-0.00988149086396786,-0.0163230947254844)
(-0.0129217123640173,0.0142770376818395)
(-0.00146647341994794,0.0189916794084844)
(-0.0144777935081797,0.0124369257741471)
(-0.0151842053748428,0.0117922108413034)
(-0.0130067743889675,0.0133608766826891)
(-0.0187749791049908,0.00159675113970278)
(-0.0186283551141746,0.0026239896026052)
(-0.0168591552859153,0.00662039062467646)
(-0.017796889218391,0.00324813642099858)
(-0.0176426417675689,-0.00158516755716293)
(-0.0169396583472215,-0.00661877269011816)
(-0.0168562813682392,-0.00646064799772636)
(0.00657497117902843,0.0177686518740133)
(-0.0172853537087528,-7.51547926453188e-05)
(-0.0150335753177538,0.00863935571882383)
(-0.00384233493143495,0.0161631856616968)
(0.00833574203506004,0.0157855428100247)
(0.0179414703240066,0.00664274214582766)
(0.0065513279179229,0.0162153344047245)
(-0.00868847346695252,-0.0160491465669084)
(-0.0059682943268501,-0.0172326190853839)
(-0.0146038456084047,-0.00787993157855822)
(0.0168042721003236,0.00797270770529565)
(0.00237669565818685,0.0166329973522451)
(0.0153377561358704,0.00978268378185923)
(-0.00608977414809534,-0.0168832636867419)
(0.0157572360954359,-0.00957490051574208)
(-0.00906371943048089,-0.0151416581937702)
(-0.00180340141000585,-0.017598863249968)
(0.00399712467391272,0.0162063623618085)
(0.0151998811000512,0.00914538680696599)
(0.00828196185950071,-0.016117725148537)
(0.0182781949476924,-0.00481877427108984)
(0.016446149839675,-0.00855593907744703)
(0.0138258108111752,0.00991000275361439)
(0.0182988760491569,-0.00184660405350543)
(0.0116606470357438,0.011930358553358)
(0.00861128702608819,-0.0155579871804335)
(0.0168922178561141,-0.00710537939969999)
(0.017893331191486,-0.00264562188413745)
(0.00927596880548766,-0.0150470236073685)
(-0.00866899552617586,-0.0143978871015881)
(0.0173902251712503,0.002299472382734)
(0.0032413293801399,-0.0167259281771262)
(0.0172284594177111,0.000601925023792857)
(0.0164117408101291,-0.00581446073307859)
(0.0147745751708718,-0.00863717113044274)
(-0.00843047315383128,-0.0140847563307871)
(0.00147712510069088,-0.0164822356763632)
(-0.000163799219135604,-0.0164970141834818)
(0.00511217751746084,-0.0156467378364352)
(0.00987790176745805,-0.013129534019241)
(0.0166362076899977,-0.0033987107517778)
(0.016086947907231,-0.00540285522085553)
(0.0162534398464119,0.00370001521352445)
(0.00978461702431857,0.0128765454100915)
(0.00845470701543595,0.0138160640635074)
(0.0140102330877431,0.00846785120553131)
(0.0147158365670038,0.007021622110663)
(0.00551538644201321,0.0154851335533565)
(0.00572061717139187,-0.0150124231411983)
(-0.00957972662178456,-0.0128388868352041)
(-0.00585636685493137,0.0153593448018388)
(0.000733945093403776,0.0160940140495456)
(-0.0088401043061309,0.0135680180349964)
(0.00223408262045206,-0.0156850209955673)
(0.00438133851740395,0.015322357149819)
(0.000272091263675943,0.0160190362385226)
(-0.00770520788441504,-0.0139760239793057)
(-0.00638748209525329,0.0147618820831484)
(-0.0144212163821785,-0.00675484935357766)
(-0.0136226466786987,0.00847005982083832)
(0.0159272085832339,-0.00159695176148174)
(0.0121508803748387,-0.00976791181614746)
(0.00772769830672809,-0.0129388680924459)
(0.0121826411939708,-0.00907070411722049)
(-0.00598393454397905,-0.0141087459337629)
(0.00929615253649389,-0.011852562670912)
(-0.0158947937073633,-0.00163715281575372)
(-0.0149751252995108,0.00597514038593938)
(0.0105449749867145,0.0105930674387648)
(-0.015798916020305,0.00234469952666584)
(0.0153620586649925,-0.00365344482792812)
(-0.0153974128897062,-0.0016752252816049)
(-0.0050345077061858,-0.0135189608194318)
(-0.0151813924437826,0.00193423884459549)
(-0.00668790623759552,0.0136564543730657)
(-0.012931540435866,-0.00619650796178498)
(-0.0147693482738609,-1.82628490771159e-06)
(-0.0146352167613328,-0.00162914911189481)
(-0.0122270436285232,-0.00701832043913408)
(-0.00283903971294115,0.0145526813486226)
(0.0142092681242746,0.00426882402442028)
(-0.0027437747993861,0.0145661238358093)
(0.0144726220144599,-0.00379227586506751)
(-0.00563084620593871,0.0132638073169838)
(-0.013463666237795,0.00545837283102214)
(-0.00777567193456108,0.0118025623673212)
(-0.013490451860889,0.0050696250351559)
(-0.0137893321808903,0.00387848787863811)
(-0.00626297843266291,0.0126109607372261)
(0.00124247424711165,0.0133535344479188)
(0.0119452709598822,0.007502612730346)
(-0.00149385072595343,0.0137581414710029)
(-0.00796744010853008,-0.0115126058729867)
(-0.00510576694748685,0.0125179140628071)
(-0.006038569841316,-0.0126849167049339)
(-0.00953500732006576,0.0096770092570639)
(-0.0092155929709057,0.00993405207876916)
(0.00778247441023219,-0.0118910535648312)
(-0.00266744526135305,-0.0135824605882775)
(0.0131588928571957,0.00558141898320307)
(-0.0074598865183926,-0.011416591450106)
(-0.00904711081732768,0.00963437046847398)
(-0.00447598970949816,-0.0128137836670757)
(0.0114680711357943,-0.00808727778518357)
(0.00345959567519161,-0.013272894628811)
(0.0068409987576991,0.0104785063261118)
(-0.0107745293342256,-0.00762464720506794)
(0.0117441574796684,-0.00774723025902737)
(0.0119610439954216,-0.00743876595761785)
(0.0139040890234918,-0.00193637937776138)
(0.0136666776653675,9.04273876784872e-05)
(0.00864734716178691,-0.00957250197127178)
(0.00766785129429612,-0.0104440050056307)
(0.0124507459505127,-0.00468432444514291)
(0.00366822552163111,-0.0123667960288358)
(0.0123863515156388,0.0051545482745933)
(0.0134061053877377,0.000913968326261964)
(0.00288875707219644,-0.0124613755278089)
(-0.0134250433247755,0.00284338801194319)
(0.0106689163337231,-0.00755342807970238)
(0.00440847406221789,-0.0118538570942288)
(0.0130367556395012,0.00373303199928461)
(-0.0136111719674355,0.0001250546660816)
(-0.0035627761750455,0.0122874645400503)
(-0.0130295272477102,-0.00254230563557905)
(0.0128530522789861,-0.00156136887120752)
(0.0110995364582461,-0.00655601603942286)
(-0.0108423989309304,-0.00597852957624396)
(-0.0082479543969956,-0.00956159319845572)
(-0.00247869812540086,0.0124316618511484)
(-0.0118248143688173,0.00552285118248278)
(-0.00150489152918905,-0.0122887917364089)
(-0.0128492326961886,0.000440468619894376)
(-0.00288523120513639,-0.0120710538226097)
(-0.008000202200067,-0.00942560475843008)
(-0.0124297709407524,0.00303115093150629)
(0.0125540296001912,0.00332211688464318)
(-0.0128272523069362,-0.00189964136308804)
(-0.0115088989559023,0.00532393915826219)
(-0.000328081901178784,0.0123565096663879)
(0.0123666561881912,0.00372300026852748)
(0.0119778015300914,0.00440795267812864)
(-0.00132049489487994,0.0122106500761476)
(-0.0122552137357974,-0.00113180775525085)
(-0.0121567600396332,-0.00171297390863182)
(0.0101725892311486,-0.00713216806256894)
(-0.000813209310662149,-0.0118843114270382)
(-0.006348305631921,-0.0101124126526562)
(-0.00123666455744379,-0.0116176500532298)
(-0.006585968182539,-0.00974682372103501)
(-0.00501763573299437,-0.0102873691832344)
(0.000339350079265317,-0.0114356079901616)
(-0.0106153059067128,-0.00503054190636922)
(0.000220848411681417,-0.0111453804636999)
(0.00898992816571029,0.00829501209606926)
(0.0110882158951816,0.00495923116450751)
(-0.0104207637724253,-0.00485820892990126)
(0.0115839893435896,-0.00293944804880438)
(0.011199271968096,-0.00363591970580038)
(0.0119123015221989,0.00112452701176554)
(0.00449602978725706,0.0112315833577083)
(-0.00717926144575931,0.00964232729714327)
(-0.0112531499991429,-0.00181165579846022)
(-0.00818857458709183,0.00854980157557001)
(-0.00371527543463031,0.0114863136163112)
(-0.0112851757510558,0.00301190304295966)
(0.00714434554556803,-0.00825362617432059)
(0.00621165630588044,0.00988298170651544)
(-0.0107512041140663,-0.00277405360637094)
(0.00110249128507268,0.0116862208740868)
(-0.00213539342251214,0.0118080149128588)
(-0.00967639480283557,0.00635423165325761)
(0.00955212980411617,0.00605721852349246)
(0.00912427720921733,0.00657029250740786)
(0.0114277561383103,-0.000780318548381044)
(-0.0106907812206407,0.00354461558586051)
(0.000867082053135905,0.0112887836750391)
(0.00487213445544534,0.0100180421224678)
(0.00609795017683495,0.00911661480146537)
(-0.00687195074962199,0.0085309136548828)
(-0.00237913176754742,0.0110460423599418)
(-0.00607536514435821,-0.00869299892579089)
(-0.00572782300596469,0.00947291000535207)
(0.0108054218617252,-0.00233802162351801)
(0.0108891347378056,0.00164735794012003)
(-0.0107716997861892,0.00170639631083766)
(0.00546018444365058,0.00917143972847361)
(-0.00864120061604116,0.00633858543851275)
(-0.00529564579114584,0.0094738157587753)
(-0.00532772421372596,0.00943660733711695)
(-0.00310562966830662,0.0103529040661945)
(0.000660276244480296,0.0104796052407725)
(0.00722771792650366,0.00780914197456742)
(0.00708624256290938,0.0074640103644002)
(0.00795400263967726,0.00649223844887237)
(0.0088796383596384,0.00513213888883238)
(0.000235885511169628,0.0104786089332041)
(-0.000629330658173037,0.010507905570312)
(0.0055234109800058,-0.00882008106800178)
(-0.000279531618212044,0.0101952847983348)
(0.010145188820391,0.00165392165055096)
(0.00949536204927119,0.00280359626590675)
(0.0086948934087003,-0.00542840218311653)
(0.0078293202628834,-0.00620553141201103)
(0.00312704905030646,-0.0092510037786483)
(-0.00736810145249794,0.00688212621162515)
(0.00852165727821295,-0.00521815519992536)
(-0.0050371583293638,-0.0090753719004559)
(-0.00516059890253345,0.00822615293449729)
(0.00497632920343807,-0.00823451949923517)
(0.00490740662167757,-0.0081672056281176)
(0.00970446063715978,-0.00263968651799108)
(-0.00391811292720834,0.00858449311408912)
(-0.0104668518279622,-0.000467010167819412)
(0.00232507798391102,0.00894473076819027)
(-0.010109842476468,-0.00248380572328434)
(-0.00970784809918409,0.0024570095111731)
(0.00164356960708163,-0.00917468917046385)
(0.00485803145493087,0.00814961519930986)
(0.000550002793501147,-0.00934146619712707)
(-0.00484013185133767,-0.0085473023983869)
(-0.0094535585809577,0.00236446296308121)
(-0.00704610050099659,0.00600817576024256)
(-0.00950730255790564,-0.00322664890349452)
(-0.00788433404408418,-0.00569558554301808)
(-0.00983829347245976,-0.00142757501098362)
(0.00029943161667435,-0.00919846387951325)
(-0.00831431664766831,-0.00510609778705592)
(-0.00964259725412006,-0.00173538332618425)
(-0.00727770318786235,-0.00620222471921448)
(-0.00550658321150926,-0.00760517493715785)
(0.00898554028293341,-0.0029918735579615)
(-0.00954520476304919,-0.00103949633565583)
(0.0081145415397513,-0.00477211112853199)
(0.00930795444890182,0.000658156486178382)
(0.00933045121328673,-0.00148210192693973)
(-0.00408017135227823,-0.00821092411032835)
(-0.00937446466358163,0.00110568701151765)
(-0.00749914148411552,-0.00529650121440065)
(0.00493049712950393,0.00782989252684357)
(-0.00190496375372381,-0.00880083640318173)
(-0.00836761976552811,-0.00389664484064161)
(-0.000185046885096828,0.0093788553323324)
(0.00914627517988931,-0.00176515031175714)
(-0.00844261030269693,-0.00328892885166543)
(0.00601360556795905,0.00683991035745829)
(-0.00117487983531111,0.00905287950621899)
(-0.00314725612220658,0.00836611650856358)
(0.00590409551431456,-0.00665889871351042)
(0.00282943043538205,-0.00839389806718246)
(0.00886860723296069,0.00119255062238467)
(-0.00633639177795716,0.00649308160596411)
(0.00855837091886038,-0.00283536734727892)
(-0.00769473999406366,0.00475545890902755)
(0.00369631478081854,-0.00766440003961008)
(0.00832450142793351,-0.00294541044437459)
(-0.00137726786411002,-0.00861333378574458)
(0.00754182348295638,0.00368924964957462)
(-0.00658189516725551,-0.00561376186247453)
(0.0018118881622466,0.00850733388649444)
(0.00155918337809043,0.00852852193987662)
(0.00858887543199905,0.000117148327675437)
(0.007489193561779,-0.00396394088106706)
(-0.00820035462140071,-0.00321061552161436)
(0.00147947125512771,0.00830235504227089)
(0.00457415595598576,-0.00684487978071655)
(0.00839292037411121,0.000512189949648572)
(-0.00877990644996924,-0.00176270683574639)
(-0.00183127290588794,-0.00821931998976965)
(-0.00438677350469297,-0.00723845816298724)
(-0.00549179520051619,0.00619686043828991)
(0.00253882717983104,0.00774162799151111)
(-0.00871883315196535,0.00136107852435647)
(0.0047116126994648,-0.00646804242460832)
(0.00808857385463841,0.000652334367589999)
(-0.00670349080177929,0.00492409925417827)
(-0.00846576064278442,0.0012857353816413)
(-0.00682486999298556,0.00476885413662259)
(0.00443069671291352,0.00666030914695246)
(-0.00344990741038878,-0.0073782722323023)
(-0.0030198536951096,-0.00756810032211516)
(0.00618697704871794,0.00490916841721231)
(-0.00254404229136209,-0.00750264338339484)
(0.00724367166867109,-0.00333756303611629)
(-0.00814449209629244,-0.00120759432910676)
(0.00506420771753822,0.00596445694704403)
(-0.00810831678068663,-0.000624317423479894)
(-0.00786467333409475,-0.00141295495973966)
(-0.00705166240700023,0.00356377399870306)
(-0.00679815362236933,0.00389928850229508)
(-0.00776865996495991,0.00186559827974989)
(-0.00296679849539673,-0.00706323718476253)
(-0.00779001847857721,0.00144728661618691)
(-0.00308992135836359,-0.00692178728264255)
(-0.00759082763775754,0.00112452533130666)
(-0.0041369290922846,0.00631955726470354)
(-0.00601709653446237,0.00449573810320678)
(-0.00595789264978188,-0.00462011351157263)
(-0.00689487488926546,0.00236096948327127)
(-0.00356111817956571,0.00634352167006379)
(-0.00645420046615868,0.00295350349773331)
(-0.0048306266614122,0.00508734862458153)
(-0.00604177391388386,0.00359846103838047)
(0.000458130092534652,0.00751019501808942)
(-0.000879688144485346,0.00733347810891756)
(0.00459371395242724,-0.00604748351907966)
(0.000893564824373948,-0.00715537803638426)
(-0.00304782096886886,-0.00655210104892532)
(-0.00518772920075411,-0.00472280346670611)
(0.00293305528130418,-0.00676926884437855)
(0.00316136289272713,-0.00662235697315452)
(-0.00688529563812913,-0.00138261439072119)
(-0.00139570943786362,0.00705087582550031)
(-0.00427685678389828,-0.00527056602034624)
(-0.00537864024495281,-0.00402818853800552)
(0.00350233067998836,-0.00614905999408666)
(-0.00370963234360698,-0.00562520353133265)
(-0.00307282118670102,-0.00598573649323972)
(0.00471523678881934,-0.00520134081078589)
(0.00249632239268836,-0.0064945179598644)
(-0.00187547852726325,0.00664424772584645)
(-0.000509595959176065,-0.0066775892603494)
(-0.00639202140740038,-0.00184843689058025)
(-0.00637788598474917,-0.00129038882670363)
(0.00653258116251293,-0.00333940604359123)
(0.00747168560669809,-0.00165050149761631)
(-0.000841984160512321,-0.00647651146561287)
(0.00641062597793449,0.00368718500238105)
(0.00670797679367864,0.00303551395125558)
(0.00719009756410168,-0.00153724273281996)
(0.00715702342020903,0.00157041278434753)
(0.00689099465471744,0.00226478870269033)
(0.00556315462053681,-0.00414222451817575)
(0.00723884194404917,-0.000959408882471249)
(0.007222900424651,-0.00052051319897323)
(0.00552859770381363,0.00402147868428887)
(0.00613431253547521,-0.00305900026244233)
(0.0020029917712108,0.00639100990245387)
(0.00399110281126595,0.00567326389499983)
(0.00343555519282564,0.00598013455800322)
(0.0067026433868963,0.00151162412275381)
(0.000192270636680097,0.00660829074554647)
(0.00439393163134906,0.0049675336665466)
(0.00689571702646166,0.000360281744814027)
(0.00657480897222321,-0.00188837826740118)
(0.00312467641726675,0.00589374084751228)
(0.00363426863699681,0.00552774747582168)
(0.00667104380393016,-0.00139147904058336)
(0.0029202394647587,0.00592896895985298)
(0.00545007404137488,-0.00373261323042372)
(0.00395188461576881,0.00522716623597312)
(0.006146040480747,0.00239983637362028)
(0.0058312596351368,0.00288190296446305)
(-0.00215901983534285,0.00615645269558928)
(-0.000206949224061736,0.00613258916801258)
(-0.0043844738634648,0.00459380229252804)
(-0.00504422296189684,0.00376979393242452)
(0.0017130383004996,0.00601636530545787)
(0.00116372900000334,0.00602507330225499)
(-0.00412452227311529,-0.0046479089665063)
(-0.00578870806996594,-0.00214337222448328)
(-0.00248115559391192,0.00553057056249404)
(0.00478195237685061,0.00429396354736611)
(-0.00524763356588935,0.00308307687041208)
(-0.00588383679129313,0.00107570435461856)
(-0.00597587066556538,-0.000124876635827553)
(0.000966234382543208,-0.00631174263338968)
(-0.00516267457408941,0.0029873494613465)
(-0.00324102022242519,-0.00525039457952999)
(0.00316638708764863,-0.00554730353510341)
(-0.00202510994895465,-0.00566036712905904)
(0.00368557970986355,-0.00530153192592805)
(0.00546266733007876,0.00333378709587676)
(0.0018946769250344,-0.00587862364958959)
(0.00416390220967948,-0.00480376738712118)
(0.00166026613641951,-0.00590445082401548)
(-0.00318146003831899,0.00506068090200257)
(-0.0024538407627723,-0.00544507025682776)
(-0.00328562407575015,0.00495638325345496)
(0.00380908850426161,-0.00506124310318557)
(0.00363392087235893,-0.00509540276971704)
(-0.00578121865915598,-0.00114598917013794)
(0.00581030987814113,-0.0024201813185499)
(0.00596191525865224,-0.00186541800281495)
(-0.00552085840194913,-0.00192670507605616)
(0.00506593852309067,-0.00352033430153075)
(0.00631663553258074,0.000467305607654897)
(0.00607589279579403,0.00111884587214687)
(0.00618892351499726,0.000660057608625063)
(-0.00328390430124317,-0.00492272539850382)
(0.00457455988897506,-0.00390969614247973)
(0.00386392855005327,0.00450954281437875)
(0.00171154334679554,-0.00558898590040716)
(0.00287307127438693,0.00517220733148584)
(0.00525591161888647,0.00277278193960197)
(0.00434896158948584,-0.00404831781078971)
(0.000545707953346014,-0.00579864834064167)
(0.00262336692544387,-0.0051260031001021)
(0.000922096297265946,-0.00567551285311778)
(-0.00201343500715198,-0.00539621123772134)
(-0.00270939865218818,-0.00503842126806854)
(0.00542998474341131,-0.00188569282806446)
(0.0040798991955982,0.00405988231462021)
(0.00387034301919965,-0.00403111650225513)
(-0.0018487424175762,-0.00526487458830099)
(0.00563604426005707,0.00154586059964035)
(0.00540877682350582,0.00221029103887796)
(-0.00522385102379144,0.00269424458405882)
(0.00246885368914204,0.00499712357460678)
(0.00291797426281419,0.00467215174015062)
(-0.000128570214374526,0.00558285983603976)
(-0.00390739106158549,-0.00376063135999469)
(0.00532459569348739,0.00202401456196495)
(-0.00104189835319624,0.00563942127814481)
(-0.000934762003900658,0.00548788555408025)
(-0.00559172863482839,0.00141988611921614)
(-0.00227598259293546,0.00508334817033894)
(-0.00527047384492729,-0.00181540463815914)
(-0.00161921844224501,0.00531704533474473)
(-0.00274083731960034,0.0046892901870837)
(-0.00519029450685682,0.00184886794600558)
(-0.0056309280889344,0.000499192283698908)
(-0.00169459487006239,0.00519761676889589)
(0.00556268031950965,-0.000740406398591584)
(-0.00312996135631899,0.00421522488871646)
(-0.0054856326022112,-0.000200265603157524)
(0.00124210004677773,-0.00527399111353058)
(-0.00521580468128528,-0.00129279523830527)
(-0.00538317672622834,-0.000396593969208877)
(-0.00533282588694667,0.00101780536729909)
(-0.00537607445533641,0.000193561598987898)
(0.00553846984600366,-0.000426909904169428)
(0.00504441835577483,0.00219080898586319)
(-0.00287384069883572,-0.00433499105208677)
(-0.0016655373445301,-0.0048129647912313)
(-0.00216068798278887,-0.00464673432165927)
(-0.00280640786532394,-0.00415692147637444)
(-0.00451868385348023,-0.00211624915217719)
(-0.00505173121169446,-0.000877293955387238)
(-0.00489374471653971,-0.00132104058197642)
(-0.0032450222991056,-0.00365573066524993)
(-0.00359375452429371,-0.00328490763232963)
(-0.00507874500250622,0.000525772541790072)
(-0.00501689276737594,0.000930843239245351)
(-0.00493531968726798,0.00149520631716941)
(0.00300384296235797,-0.00436872204462428)
(0.00142281982424578,-0.00426369564225556)
(-0.00427790492673619,0.00227430439208649)
(0.00424026372302893,0.0031143694708961)
(-0.00345106509287987,0.00346163771870175)
(0.00488136210841085,0.0021204381835521)
(-0.00277358292147008,0.00416078080983854)
(0.00538933276574452,0.000607228684548304)
(0.00382952517427555,0.00323020704052053)
(0.00292710374586269,-0.00390323652750814)
(0.00534889224059442,0.000650088299694954)
(0.00190901645263392,0.0048926751838971)
(-0.00254335800972517,0.00436614542335604)
(-0.0035325390916009,0.00328842707522442)
(0.0047002500437597,-0.00232526854858831)
(0.00529177245924883,0.000462916943084801)
(0.00504578853905624,0.00142431916817931)
(0.00531395114936587,-0.000817510084921961)
(6.85457418269555e-05,0.00517365748284639)
(-0.000680219801035697,0.00483595941915502)
(0.00429842921412688,-0.00246834691802271)
(0.000904996818736621,0.00480734138364756)
(0.00297699460181129,0.00392635725631977)
(0.00486390470870973,-0.0014920446867299)
(0.000264484822626699,0.00487773004499466)
(0.00214577590405087,0.00447215737609664)
(-0.00205632769987006,0.00439826303441601)
(0.000404870443016989,0.004864246513139)
(0.00485150429046483,-0.00135299835779096)
(0.00493119859427136,-0.00101791279568428)
(0.00499023845811513,-0.000457965984166456)
(-0.000877013423698412,-0.00470831949914223)
(-6.22227208229056e-05,-0.00481117282646484)
(0.00299716608155187,-0.00370563191715595)
(0.00249327537806914,-0.00379907109556373)
(-0.00288372788057489,-0.00376877678132509)
(0.00119330633029051,-0.00437660806794819)
(0.00327933755085327,-0.00307229804913463)
(0.00041829963129037,-0.0043796147521055)
(0.00447696753092896,-0.00175258319457665)
(0.00458274224330952,0.00200621087825046)
(-0.00376945516485958,-0.00270492042923796)
(-0.00345831146224848,-0.00303140589029277)
(0.00483135540536919,0.000737930887010487)
(0.00405270232823131,0.00274893184454289)
(-0.00433846400396433,-0.00177123766084657)
(0.0016390264284371,-0.004096594691598)
(0.00341401247279828,0.00341782305024932)
(-0.00294516134939756,-0.00332477436996723)
(0.00458781387226564,0.00120340476677759)
(-0.00382501382731246,-0.00218907076351237)
(-0.000205741688986703,0.00474467505508942)
(-0.0018263977452242,0.00430233532100602)
(-0.00476870990797164,0.000331709645367692)
(0.0034009692644266,0.00315875407366313)
(-0.00449155831142341,-0.000794037825482828)
(-0.000455774731415169,0.0045582353181898)
(-0.00447291568380451,0.00130160049163067)
(-0.00455882769559771,0.000828393284653445)
(0.00444560191184705,-0.00145352609542096)
(-0.00312234338772692,0.00344530506046237)
(-0.00387319785913876,0.00242102534345465)
(-0.00449657648840175,-0.000262473982254157)
(0.00247870416392812,0.00378691237254961)
(-0.00376342197199344,0.00241436614467654)
(0.000983833523207033,0.00435550050533444)
(-0.00310430860126137,0.00315926730039992)
(-0.00422701239253561,0.00131364634839905)
(-0.00328016401350692,0.00295394941958846)
(-0.00311000467024403,0.00299821157024197)
(-0.0032664623547805,0.00282432297547659)
(-0.000803350746107179,0.00436717895845051)
(-7.65062447655078e-05,0.00428775685672151)
(-0.00278215933061183,0.00327429278748084)
(0.00116353097162439,-0.00417471568190448)
(0.00257259310558992,0.00353884471720216)
(-0.00026118634638385,-0.00431589728590625)
(-0.0043582789744243,0.000218785600318231)
(0.00460640650549551,0.000322227995227564)
(-0.000651051259462126,-0.00419576375917638)
(-0.0037008127037634,0.00186204019855981)
(0.00236655745558324,0.00353859816243022)
(-0.00413651958302421,-0.000997222639486249)
(-0.000279715328310646,-0.00411875331233998)
(-0.00213782965958199,-0.00364850207437241)
(-0.00122106257865695,-0.00395080498600966)
(0.00416514832521918,-0.00159075925033645)
(0.00442534382576571,-0.000820010027792561)
(0.00209526790630321,-0.00348578869461601)
(0.00313171665628535,-0.00275119017896774)
(-0.00257052945343156,-0.00316691767934077)
(0.00399487823583169,0.0012820858751087)
(0.00389996935157373,0.00142748342523674)
(-0.00391908229572584,-0.00120216878808129)
(0.00363849530395807,-0.00212631929223326)
(0.00366601651802335,-0.00205494069203702)
(0.00428507198482814,-0.000367565194242029)
(0.00259985073809298,0.00327269355197162)
(-0.00239836353543992,-0.00321997061581348)
(-0.00184655479338083,-0.00358254760811899)
(-0.00292222960784867,0.00294347397599766)
(-0.0040932961867272,0.000448479884382019)
(0.00403581766336945,0.00143494948015016)
(0.00228936966377368,0.00315351742259577)
(-0.0017220474482714,0.00358059833074831)
(0.0018859548665762,0.0032859573562605)
(0.00410043591124244,6.48840589055315e-05)
(0.00301756681508354,0.00231109509389765)
(-0.00036858543013332,0.00381908585651727)
(-0.000681689497667233,0.0037741812540305)
(-0.000777739327492723,0.00368362496532743)
(0.00321756986108032,0.00189317384551961)
(0.00318225520806779,-0.0024362733527921)
(0.00236027065074596,-0.00311913661994457)
(0.00127798528996896,-0.0037046386979822)
(0.000150372158765846,-0.00386488245944655)
(-0.00318465584709994,0.00204919771663979)
(-0.00370880647372038,0.00138349037425388)
(0.000953498437054801,-0.00368541111950626)
(-0.00402659762643573,6.81304409415507e-05)
(-0.00390786629999975,-0.000914363905002263)
(-0.00240582223538462,-0.00310941161692321)
(-0.00335532655665027,-0.00198010280377047)
(0.00308263348840857,-0.00222615660155741)
(-0.00375094875019063,0.000961428586348627)
(-0.003927006121784,-0.000260409272555409)
(-0.00370294393933209,-0.00123500953674409)
(0.00374947106098915,-0.00106667440009884)
(0.0036332158979742,-0.00140653264227156)
(-0.00347458772434134,-0.00164535420016862)
(0.00191372203332384,-0.00313169265172729)
(-0.00139459540481201,-0.00353831580143061)
(-0.00259148503905749,-0.00267687642309873)
(-0.00354347388250632,0.00109948331629597)
(-0.00280134005115771,0.00224905400929385)
(-0.00210391720776915,-0.00299692895522329)
(0.0035741232585771,-0.00135216125040832)
(-0.00169818186829972,-0.00328234346541676)
(-0.00373949176749504,-0.000333760325017082)
(0.00224564181413245,-0.00274332399841963)
(-0.00110081085135591,-0.00344806730861964)
(-0.00320169059374292,-0.00173208619206358)
(-0.00297757014729886,-0.00200520107414114)
(-0.00166117590526225,0.00319499621302233)
(-0.00263099731296762,-0.00235168305519026)
(0.00022593734577231,0.00369177089846237)
(-0.000775358065625092,-0.00350107993792923)
(-0.00316990751826078,0.00162145113034548)
(0.00293486375283131,0.00215337773188927)
(-0.00246099387074638,0.00253345851671801)
(0.00201457234988692,0.00289663456693928)
(-0.000229144756982904,-0.00350535434578565)
(-0.00283958134179112,0.0020340763325108)
(-5.35360441985123e-05,0.00352776437186079)
(0.000289264927695407,0.00351399656143921)
(0.000863400829020911,0.00342535126377142)
(0.00342267733991322,0.00118210978678025)
(0.00311527792291011,-0.00193206907246328)
(0.00371782936151624,-0.000358740162271811)
(0.00205311882108797,-0.00282279010348289)
(0.00360647684710006,0.00046475313456)
(0.00311307932762997,0.00146102148032099)
(0.0036186393981498,-0.00113794547533138)
(0.0036693664130146,-0.000949575483612491)
(-0.00229182292638197,0.00248998837098883)
(-0.00363021330315909,0.000360626475707513)
(0.00356760019552064,0.00064953043500888)
(0.00337503568538476,-0.00145987083230015)
(0.00117381741483609,0.00330987300081038)
(-0.00280911523823068,0.00176030579596778)
(0.00210059623583499,-0.00262552454747902)
(-0.00145557477545871,-0.00314384014893253)
(-0.00210299400603832,-0.0027231855059353)
(0.00280330219776608,-0.00194153475769462)
(-0.00341023128264022,0.000896200530334009)
(-0.00352224952309277,-0.000259219447951)
(0.00027975358216573,-0.00337689638820529)
(0.00130326904254561,-0.0030959526970876)
(-0.00203064340084387,-0.00260660672567663)
(0.0011173853229517,0.00320348392070726)
(-0.000894423646839616,0.0030224931143684)
(-0.00347144546385268,0.000579350464059399)
(0.0030474139239026,-0.00161148064457716)
(-0.001208229233397,-0.00321614636766963)
(-0.00209939288501973,0.00231267571948109)
(0.00350396540477476,-0.000836087396021933)
(0.00340894889637753,-0.00111451889090479)
(-0.000270056575665751,0.00337923244262482)
(-0.000679087208745376,0.00329264262579934)
(-0.00338297010388577,0.000471686743727797)
(-0.00104861413908639,0.0029187041110811)
(-0.00154204188696595,0.00259850216917513)
(-0.00344293890454693,-0.000652597346615017)
(-0.00342793528199939,-0.000666225275764632)
(-0.000211471248091713,0.00306391760188541)
(0.00208549574316444,0.0024046405573748)
(-3.62150142262022e-05,0.00311909826872011)
(0.00247945382424365,0.00197036756870134)
(0.00121562762946224,0.00269468969717891)
(0.00281689997873308,0.00156881461890955)
(-0.00317037530962838,6.14797308922868e-05)
(0.00334217060108708,0.000711759786177051)
(0.00189379658975299,0.00220961657255908)
(-0.00299082257714089,-0.00130525497072319)
(-0.000196023517454235,-0.00331149851364373)
(-0.00305952791304925,-0.000597259473409687)
(0.00333013304983039,-0.000820076621558656)
(-0.000455410606439134,-0.0032891735943024)
(-0.000713771185125389,-0.0032274102831234)
(-0.00243528015847947,-0.00199683969484716)
(0.00124489988498461,-0.00281881349437507)
(0.00323656442335444,0.000450089659249742)
(0.00306003066497852,-0.00144460089991934)
(-0.00267740618082413,-0.0015542908241458)
(0.00261160944373644,-0.00188441571368219)
(0.00197017326044032,-0.00227956892361466)
(0.000548049964865543,-0.00307545337925378)
(0.000303597240046809,-0.00312510730913998)
(-0.0018502822392559,-0.00263271945497542)
(0.00305682415526859,-0.00138062005281056)
(-0.0028925182120658,-0.00112959555072187)
(0.00268317814070843,-0.0016908138529299)
(0.00319213144014112,-0.000335280503139311)
(0.00307028706359054,0.00069623577207235)
(-0.00165356341759216,-0.00276541040304634)
(-0.00111683972126072,-0.00296373207604135)
(-0.00146258536729331,-0.00281596920008244)
(-0.00164322870932616,-0.00267125695032999)
(0.000353655652657982,-0.00292449116715049)
(0.00294082935414213,-0.00110336802683707)
(-0.00126001588931456,-0.00274127229913712)
(-0.00249183085781322,0.00157803142837277)
(0.00250212593081196,-0.00169622402042682)
(0.00311473003489592,-0.000176844098833167)
(0.00308696033789168,1.02374195006793e-05)
(0.00130935356307911,-0.00252971813749642)
(0.00307642949044857,-0.00061710212644542)
(-0.00254509032081093,-0.00149135781758553)
(-0.00191880809081697,-0.00226486172675942)
(0.00303964759415489,-0.000743618866784438)
(-0.00144127864839439,-0.00252228027812832)
(-0.00153596876939985,-0.00245573936001311)
(0.000656251917328408,0.00284516748895967)
(-0.00183187922493995,0.00193986579006803)
(0.000504981694546749,0.00279485195910612)
(-0.000596652424251534,0.0027821935729384)
(-0.000653333753913791,0.00273183045927582)
(0.00138048943032765,0.00248397854931357)
(-0.000254784718671578,0.00269677873443605)
(0.00227522538040235,0.00186916918658639)
(-0.0029021793472624,9.28049203861205e-05)
(0.00275482675239813,0.00130544235641507)
(0.00288840274857732,0.000811008225249391)
(-0.00279122397677582,-0.000692008200734902)
(-0.00208238222486059,-0.00199456918600081)
(0.000991098166959741,-0.00258575013872809)
(0.000848660556287123,-0.00263818482740516)
(0.00293244939208321,0.000218417570770667)
(1.7973709208041e-05,-0.00277783475103221)
(-0.00098033236207388,-0.00269967639991353)
(-0.00169192555731461,-0.00218984724545187)
(-0.00159425310875718,-0.00227236223020631)
(0.0014848979044191,0.00233505900303478)
(0.00177835978030831,0.00211984232061883)
(0.00207327847707302,0.00184399054334798)
(-0.0015941280255546,0.00220390000911871)
(-0.00101794882975024,0.00251985021597509)
(-0.00124904021455349,0.00227792303334967)
(-0.000969329854459464,0.00246204766055177)
(0.00274536528462711,-0.000968024965735668)
(0.00164690299745639,-0.00221052081226706)
(-0.00270109825971874,0.000440502668992677)
(-0.00276075031806271,0.000228785269213907)
(-0.00275844730854207,6.51119822964708e-05)
(-0.00273950949566029,-0.000580578980654093)
(0.00127559353653395,-0.00231439312942214)
(0.00279448957897577,-0.000718088516580084)
(-0.00214883845450812,-0.00168982869268795)
(-0.00273706446564878,-0.000246035057761433)
(-0.00057665568927527,-0.00267557958014104)
(0.00138374416791121,-0.00220054675540055)
(-0.00259152325855515,-0.000745104641224551)
(-0.00185628946497602,-0.00194033953619747)
(0.00264235111639447,0.00079184987260525)
(0.000198489018816376,0.00258823061422341)
(-0.00110054500594892,0.00232631401658786)
(-0.00219836782588888,0.00134320159474106)
(-0.0020694133964397,0.00146520057995849)
(-0.00241574578914687,0.000992075996783176)
(0.000959673839688202,-0.00239610897843972)
(0.00190823773774472,-0.00170276586173627)
(0.000309195219908161,-0.00259037559556147)
(-0.00251990924482198,0.000532679463095867)
(-0.000263373604431225,-0.00259987012355366)
(-0.00116564883484252,-0.00238309368691217)
(-0.00263669940711317,-0.000525374790068666)
(-0.00259233554845168,-0.000539145827255401)
(-0.00149539319708265,-0.00214412136648005)
(0.00260185081626113,0.000310782819848157)
(0.00207902260915428,0.00144805776946672)
(0.00158962697745563,0.00200355607533919)
(0.00232071376755004,-0.00120909465493265)
(0.000347694568822976,0.00250492310953331)
(-0.000235502382449806,0.00253573333286102)
(0.00157276279964486,-0.00193430037775486)
(-0.00141577580647505,0.00207022958741154)
(-0.00223958093734101,0.00116526904485138)
(-0.00165204530791276,0.00183301062575566)
(0.00122518945567108,-0.00213619559285036)
(-0.00140835318538408,-0.00212761721885499)
(0.00126392072485861,-0.00209875251801138)
(-0.00245035317873691,0.000540672550781144)
(-0.0023326655557455,0.000840278995362415)
(-0.000647339753643839,0.00236135520321361)
(-0.00114293907574217,0.00217964635963363)
(-0.00252078761136573,-0.000164067410137742)
(0.00257427928527229,-0.000265396563112843)
(0.00241089426233081,-0.000742902356959094)
(0.00197467861722439,0.0014987221354122)
(0.00188007558093164,0.00154398338046991)
(0.000178711665732786,-0.00236185668912285)
(0.000967783439666752,-0.00205599893495761)
(-0.00146206621686801,-0.00186509475380027)
(-0.00232952046322131,-0.000687131055558935)
(-0.00172171022237264,-0.00160009046248175)
(-0.00209617415075224,-0.00104706288216359)
(-0.00217418191342499,0.000852145916122046)
(-0.00172529128156293,0.00156306556166141)
(-0.00144671434522471,0.00181872675480565)
(-0.00161375250686295,0.00165737500392589)
(-0.00185622772737516,0.00124087442070584)
(0.000423651189996785,0.00230315046379815)
(0.0022326705824999,0.000877709114165123)
(-0.00160577768528176,-0.00167216057039792)
(0.00248181550688931,0.000213565238806837)
(-0.000427260625412719,-0.00235458689360105)
(0.00250926332226522,9.87650061243914e-05)
(0.00216767874904943,-0.00109819446478873)
(0.000558546050711682,0.00221182204751207)
(0.00229034660636231,-0.000870556969083178)
(0.0014050409906914,0.00169492500494683)
(0.00141718048690418,-0.00181945027215263)
(-0.000690095948159972,-0.00224182635257879)
(0.00069763395406761,0.00211495224663779)
(0.00201426555999628,-0.000992103575778109)
(7.0262823279514e-05,0.00221421647759258)
(0.00139389239567819,-0.00164327254811727)
(-0.00114982335245958,-0.00184459448019351)
(0.00238094167033375,-1.88630765529046e-06)
(0.000389383656433106,-0.0022190693801795)
(2.93039702236688e-05,-0.00222167972613083)
(0.00227039413367944,-0.000462337534815908)
(0.00223869883894949,-0.000581735097292093)
(-0.00222901770430162,-4.35318582797022e-05)
(-0.0021221240329938,-0.000587392920715007)
(-0.000682583437793627,-0.00215113606351719)
(-0.00209878050321853,0.000505660544820877)
(-0.0021361121350389,-0.000250801583467571)
(-0.000528768536671161,-0.00209520666182407)
(-0.00160100291256878,-0.00134567703108546)
(-0.00166942359229277,-0.0012295291053577)
(0.000440271354923681,-0.0020952265059236)
(0.000125828361896785,-0.00204679276610508)
(-0.000957853199005328,-0.00174775260684067)
(0.00104322981826141,-0.00179066811882891)
(0.00134835273056964,-0.00158506174814969)
(0.00131271810885085,-0.00161364547040844)
(-0.000147309400775814,0.00222586408543526)
(-0.000335464449116959,-0.00185399316683987)
(-0.00138855963427001,0.00143338556870907)
(-0.00140096725974017,0.00132752060220571)
(0.00201739918435507,0.000904743008141609)
(-0.000123007806587514,0.00211847118250308)
(0.00186082206211335,-0.00104632944820603)
(-0.000688057447374931,0.00198672333713315)
(0.00218359149441627,-0.000568215858923346)
(-0.000602639403050821,0.00198628872307955)
(-0.000102271409888094,0.0020484008398583)
(0.00112859471173042,0.00177673348911907)
(-0.00098415540853818,0.00163634588067185)
(-0.000786560125793603,0.0017482286837562)
(0.00127869804548628,0.00165412066738175)
(0.000977184975097258,0.00177639584077733)
(0.00152496073908904,0.00145047848879339)
(0.00218365062577474,8.65934832190326e-05)
(-0.000573977628252591,0.00180798439619345)
(0.000374415392232534,0.00187099030596065)
(0.00188552982277189,-0.000671461200889345)
(0.00173297010440191,-0.000806515599848742)
(0.00207921453841555,-2.50410548346634e-05)
(0.00207973859563463,0.000401383389364581)
(0.00179979223256195,0.000976388231530752)
(0.00130122571212685,0.00147374411471885)
(0.00155873888544368,0.00117993414496498)
(0.000616423009082988,0.0016319787421658)
(0.00166485667694137,0.000911866876757107)
(0.00190125333354651,-0.000142036858225116)
(0.00129166265899336,0.00143390366535555)
(0.00106777293858892,0.00142228490959714)
(0.00176993917618784,0.000650322731275447)
(0.00192181649027801,0.000348277435113547)
(0.00184969143317308,0.000438399175839426)
(0.00147920213369077,0.00107877114482739)
(-0.00194382370132059,-0.000482813570119957)
(-0.00180390057694552,0.000566218456157058)
(-0.00170293640211403,0.000672438958051201)
(-0.00158649458231452,0.000923759062710041)
(-0.00123042681549863,0.00131215709473066)
(-0.000840184445634,0.00161255753073374)
(-0.000128356231627813,0.00174377795475257)
(-0.000198862012934877,0.00172213075543066)
(0.00182283353371167,0.000205383382800048)
(0.00176608405430268,0.000271492722591593)
(-0.00177395730462236,-0.0006310916043865)
(-0.00164504874485771,-0.000803858433575981)
(-0.00138439024452342,-0.00116066172939393)
(-0.00183464267632526,-0.000222315403518132)
(0.000969004319117571,-0.00138198364979457)
(0.0011043880802389,-0.00130032263594228)
(-0.000411108123761266,-0.00163785204037623)
(-0.000881322552574194,0.00153030507151731)
(-0.000784454527401105,-0.00150573646222524)
(0.00166714886908743,-0.000463715058856705)
(0.0011426104973298,0.0011902739147407)
(0.000519385776740577,0.00154046802344826)
(0.000210467829519968,0.00155397423558368)
(0.00180337168941311,0.000109989138625204)
(0.00165474314060709,-0.000234770673231023)
(0.00169648781745193,3.50360017244969e-05)
(-0.00180385386052316,-7.21200279274715e-05)
(-0.00163873252722363,0.0005089527682615)
(-0.00142459553589956,0.000904394417676558)
(-0.000942751649817102,-0.00141445601992416)
(-0.00130130828925,0.00107569496760426)
(-0.00118068334538089,-0.00114000156569753)
(0.000603118007102496,-0.00144255240888109)
(-0.000605564502290019,-0.00152844138547089)
(0.000489062907533166,-0.00144754941322607)
(0.000740596996505364,-0.00134788869185557)
(-0.0010376176118737,0.0012391261050658)
(5.59789940844945e-05,-0.00139573375420839)
(-0.00170817157595644,3.92477071074049e-05)
(-0.000892795414513064,-0.00129014827732324)
(-0.000613373001832676,-0.00141285597486196)
(0.000687970774992206,0.00136445421308094)
(0.000783119370455704,0.00131998138839064)
(-0.0017037043665853,-9.65115885841034e-05)
(0.0011564028240641,-0.000772834765272774)
(0.00103943841109263,0.00101346573905496)
(-0.000367507932427377,0.00150687125050978)
(0.00136493042014243,-0.000645397552891334)
(0.00135864199782069,-0.000592109975993069)
(0.00139942993065783,-0.000498842700705491)
(0.00154070504056614,-0.000272364696773166)
(-0.000645383333066411,0.00140523334594901)
(-0.000680918006710147,0.00135030307951654)
(-0.000416276617449535,0.00143504835443754)
(0.000705000060339364,-0.00128781219360364)
(0.000962539193506339,-0.00113885387105189)
(0.00130001974512397,-0.000726622829992706)
(-0.000830747611398046,-0.00135292003772329)
(0.001555670229888,0.000118792908628819)
(0.00135039048871065,0.000674810692932874)
(0.00136651213834918,0.000604633834004847)
(-0.0012535674838022,-0.00094899563360544)
(0.000853486535681619,0.00113959450165522)
(-0.00159155399594222,-0.00032118327541134)
(-0.00165501377561362,0.000224328316018946)
(-0.00110469687548267,0.00113715262413883)
(0.000176286914675703,0.00138725514842221)
(-0.0012102435452317,0.000934557731531537)
(-0.000834162207747985,0.00126241702040577)
(-0.00162154183288243,-4.63991471313254e-05)
(0.00115721772089518,0.000797142112341151)
(-0.000752629456547758,-0.00125884568103217)
(-0.00158071733357244,-0.000187000175079425)
(-0.00156791095987045,0.000261791365311788)
(-0.00085685257546454,0.0012114505227411)
(0.00139278808164434,-0.000321223803331444)
(0.000199205897270993,-0.00130283861797954)
(-0.00141010404989361,-0.000518582182753824)
(0.00137098305758676,0.000359655707066823)
(0.000481190038248964,0.00120666323362407)
(-0.000623968951141199,-0.00128008185491803)
(-0.000829505055605543,-0.00114238231071239)
(0.000569234595765593,-0.001116957473796)
(-0.00115483253338975,0.000826099862817655)
(5.0002180587372e-05,0.00129909241257199)
(0.00103408149954767,-0.000766910466042449)
(-0.00149314453795025,-0.000215081971217313)
(0.000919349826131973,0.000900506425540267)
(0.00121158191849067,0.000564198076368637)
(0.000623990722262559,-0.00106145744551751)
(-0.00116567040685977,0.00078029847258021)
(-0.000694273928303231,-0.00114885702958687)
(-0.000435380123438446,-0.00121114361788645)
(-0.000772823653407514,0.0010789464357723)
(0.000381884098206667,0.00115799487316382)
(0.000532166883010059,0.00102537818836272)
(0.00136280764423335,0.000152318033940842)
(-0.00125995899111856,-0.000474414588756377)
(0.00132783283644214,-3.91177132816667e-05)
(0.000984004359093433,0.00075185797001569)
(0.0012896281739957,0.000304532793877404)
(0.00094721558108106,0.000728167912096514)
(-0.00136314811532426,0.000361329184791808)
(-0.000548689657005354,0.00103446859796762)
(-0.000604505900226106,-0.00101995411841498)
(-0.0013355474339335,0.000219283008908782)
(-0.000672488795841767,0.000997595251069427)
(-0.00130468756145274,-0.000283595179772761)
(0.000916433791237795,0.000663643726547479)
(0.0012293568408739,-0.000182295652906054)
(0.00125906119928665,0.000217131821754547)
(-0.000694033806414654,-0.000945254756671794)
(-0.00123094753579554,0.000362409366173141)
(-0.000446967542658121,-0.00107832789560687)
(-0.0010124802069612,-0.000615812826455495)
(0.00087776005651996,-0.000607271696511526)
(0.000257122203032252,-0.000966638837482341)
(0.00119591026465925,0.000187098103059863)
(-0.00132174864743036,0.000173428388087132)
(-0.00090890724650986,-0.000667764317331322)
(-0.000135739257351103,0.00115822013179121)
(0.000742385203036867,-0.00063709363926743)
(-0.00128940249475885,-0.00012976899416515)
(-0.000604011219612368,-0.000893573890364992)
(-0.000486488537405501,-0.000958697050114211)
(-0.000325776268449863,0.00103069038304759)
(0.000570732992181014,-0.000716328329234756)
(0.00106464864677786,0.000215926345867766)
(0.000820778810517006,0.000617901555421712)
(0.00103383482751726,-1.35426044658849e-05)
(0.00103474730491047,0.000237747568490846)
(-0.000529928561679682,0.000931707295167597)
(-0.00111629177431687,-0.00031407902730842)
(-3.37018827908029e-06,-0.000849150258837327)
(-0.000694742494893186,-0.000676734378131669)
(-0.00103111620516609,-0.00043302526782681)
(-0.000678920856662513,0.000811920167791944)
(-0.00114292857920528,0.000338028840117277)
(-0.000411462107347943,-0.000774612077280299)
(-0.000192543767798855,-0.000819643945039506)
(-0.0010571544185065,-0.000272995708567163)
(-2.95096239691674e-05,0.000907506206255603)
(-7.38816863035873e-05,0.000949586905361349)
(-0.000906209874637063,0.000545994809300332)
(-0.00103981819904201,0.000410734192113103)
(-6.22505520140999e-05,-0.000762046184996084)
(-0.000814727540758507,0.000635514557939269)
(0.000244550734434375,0.000841205624477757)
(-0.00105877377170814,7.4128014089179e-05)
(-0.00105941214723139,0.000251271536487611)
(-0.00094249727656154,-0.000396247369059047)
(0.000396028704230559,-0.000589228086508418)
(0.000908008350691846,0.000114125588018795)
(-0.000408413109679374,0.000792684564470793)
(0.000786526773859549,-0.000172842030271225)
(-0.000986787516390785,0.000332955966117215)
(0.000515907203565034,0.000675971232665174)
(0.000264979017530569,-0.000639432000938186)
(0.000724270310666427,-3.98234595511113e-05)
(0.000757994787680527,0.000419219516802809)
(-0.000492310523831956,0.000661607506595992)
(0.00012713291149469,0.000683116448772929)
(0.00056787879422011,0.000309621619252027)
(-0.000756336334907886,0.000581918046886027)
(0.000422516604609337,0.000581993357119687)
(0.000542562518017224,-0.000105876951859054)
(2.15230237045121e-05,-0.00050156238782575)
(0.000449507639590687,0.00047303236876193)
(6.88446134653172e-05,-0.000407665376091761)
(0.000257234751713948,0.000642330467223668)
(-0.000916153239284216,0.000204500313749008)
(0.000340755560682803,-0.000248654937090511)
(-0.000498935819699817,-0.000627786756962154)
(-0.000937262852831871,7.20625847417056e-05)
(-0.000227131933720324,-0.00042845566621672)
(-0.000600985181291622,-0.000575569403599841)
(-0.00081466362763277,-0.000496769334740931)
(-0.0008353251856134,-0.000457195003040631)
(2.13457536798696e-05,0.000253114801550221)
(5.4886000660505e-06,-0.000133524787662891)
(-0.000488695228584125,0.000221827383127391)
(-0.000635261762915367,0.000233718772744293)
(-0.000825333449733656,0.0001281677516449)
(-0.000423362771709823,-0.000100302232509233)
(-0.000769611571241845,-0.000366799482550446)
(-0.000902426460944424,-0.000121106813962759)
(-0.000486852641611232,-0.00034257577546769)
(-0.000596433977774916,-0.000402828339898557)
(-0.000799045027219128,-6.5995821467188e-07)
(-0.000819940206134021,-0.00025590061099815)
(-0.000855730015898794,-0.000198205498932707)
(-0.000644279501022729,-0.000358421602452828)
(-0.000786858346779291,-0.000158933682825529)
(-0.000584145853940836,-0.000217088520600632)
(-0.000565066286796344,-0.000317705180482786)
(-0.000688207045000538,-0.000114810682239793)
(-0.000719759210036068,-0.000192559951371531)
