(-0.129362312080119,-0.72541090630453)
(-0.574266749232979,0.24697148245401)
(-0.419424073174087,-0.480406581494396)
(-0.421699544333972,-0.478344355231654)
(-0.0680581599892623,0.557534625939556)
(0.319221063488819,0.351848936631479)
(-0.311056907749541,0.297081149757362)
(-0.319972062301989,0.290196995258336)
(0.12373851009956,-0.365389550391048)
(0.107417595967749,0.372722533865922)
(-0.369176890889812,0.0715187924963692)
(0.0974403273945036,0.348367798629344)
(-0.34435418739759,0.0785825542084802)
(0.319882072946039,0.121366418868637)
(0.00693652283320651,0.327272769541936)
(0.301097968846001,0.132179266590865)
(-0.153355440225668,-0.246299066246612)
(-0.241815322035425,-0.0846751797126797)
(0.236671390946773,-0.0219434139434189)
(-0.12933240986532,-0.222116271233835)
(-0.125037888757718,-0.217822238385765)
(0.137453940415381,-0.189713136887024)
(-0.223045778459873,0.0876293706291602)
(-0.222680652036165,0.00190031393518485)
(-0.0703216474480234,-0.202654479900993)
(0.180450869916293,-0.0871486148231773)
(0.123912146739692,-0.156272153658644)
(0.0738728504576605,-0.178603926274826)
(0.0659385003938871,0.178969213163889)
(-0.173148107713153,0.0834992807342497)
(0.139546414430682,0.114790790818032)
(-0.0817008815887707,-0.161085876417766)
(-0.155127893725455,-0.0808224660166704)
(-0.0373604197768874,-0.17287291168188)
(-0.0356807105006027,-0.174171692340691)
(0.0956264533354861,-0.125025783280976)
(-0.121411082052498,-0.10260935794697)
(-0.100528054234771,-0.115570334576638)
(-0.105709279069449,-0.108793624803968)
(0.142962666274942,-0.0214527201563261)
(-0.0140154955173646,0.144343305009493)
(-0.101828491457826,-0.115688664811252)
(-0.137710777146015,0.0631507745302576)
(-0.105326967879675,-0.111850183934026)
(-0.138220837123536,0.059780969332687)
(0.0701067429949968,-0.121468170408719)
(-0.0199849553713403,-0.137139608284561)
(-0.0178021881967071,0.132210904065367)
(-0.00444405010184568,0.121389285007014)
(-0.072605925871304,-0.0953971833686165)
(0.0377667450189619,-0.112325628726557)
(0.075862261252327,0.0886348233581565)
(0.0783167471737361,0.0806129889214524)
(-0.000585997430468475,0.112363818169914)
(0.0806329607224797,0.0729257667588546)
(0.0907120749240286,-0.0441548537777935)
(-0.0372683807178309,0.0907637413921124)
(-0.0756785908110126,0.07282927840773)
(-0.0767747688297303,0.073249418517484)
(-0.0764298260939015,0.0703979783221984)
(0.026072999841303,-0.0911331123399097)
(-0.0731819805414516,0.0699058485094868)
(0.0881352188649081,0.0319732538037422)
(0.0228341239252875,0.0914493714036089)
(0.0821695389523057,0.0336468961667573)
(0.0257570381484663,0.0909903527538547)
(0.072134429417243,0.0468799641931852)
(0.0838997246481901,-0.0103892155157073)
(-0.0745882056441964,0.054162385662553)
(0.0232753999364792,0.0827308372179897)
(0.0281747930836113,-0.0798150796653809)
(0.00696069520959324,-0.0819899529191094)
(-0.00289349545081398,0.0837797272221759)
(0.0256353629272046,0.0794441120821132)
(-0.00147984780138683,0.0834069986291636)
(-0.0895592081386937,0.0195176703884317)
(-0.0242894333828046,-0.0797352824619697)
(0.0730588379849711,0.0311753074670964)
(0.0696322448119532,0.0356198974451584)
(-0.0864519749703066,0.0194432745134606)
(-0.08513732701308,0.0197988365984499)
(-0.0838538258192658,0.0178617594601973)
(-0.0570647278019498,-0.0521712401103656)
(0.0666296352683661,-0.0347829174744254)
(-0.0143845392117613,-0.0766821935276203)
(-0.0768305925231053,0.0184655676737445)
(0.0631914936858891,-0.0291963072618863)
(-0.0589577419617804,-0.0460317966672888)
(-0.0685699395632908,0.0280502886699239)
(-0.0395176766572394,-0.0597002266680586)
(0.0577483669630839,-0.0304562951800292)
(-0.0560936019323387,-0.0445204186858579)
(-0.0369832691595832,-0.0574069443029285)
(-0.0430321337236017,-0.0500609819140976)
(-0.0200574475492296,0.0666004254913901)
(0.0391828427212522,0.0558362735093747)
(-0.061726410046605,-0.0207045527186777)
(0.0580794175525947,0.0215342813785404)
(-0.0607512333406923,-0.0188631246657997)
(-0.0364037363495315,-0.0541559240606439)
(-0.0324110235280699,-0.0545483082274114)
(-0.0351312570058301,-0.052962455003637)
(0.00172771494553983,0.0593923150466018)
(-0.0547629822913111,0.0234241283725022)
(-0.0319329988082363,-0.0520726298617063)
(0.0296103100657268,-0.0486090058632481)
(0.0528052123330527,0.020035435214206)
(0.0493942809149558,0.0239773781074402)
(0.0118636612323615,-0.0535156709087213)
(0.00904891172677093,0.0537620910667918)
(0.0341608567884715,0.0461411491018711)
(-0.0350793726167728,0.0404930000984153)
(0.0449383504087211,-0.0273855778178951)
(-0.0400482083881809,0.0352805457350777)
(0.0507466178569983,-0.0132444606043326)
(-0.0557394690730903,0.00163356067089031)
(0.0516793582140363,-0.00534196689567325)
(-0.0361250900333866,0.039145200136641)
(-0.0425813090493061,0.0324870827983652)
(0.0313969883737407,-0.0415192170755247)
(0.0254121876376559,0.0478703701440678)
(0.0482914417948703,0.00701395681290476)
(-0.026398907120665,-0.046249237148284)
(0.047113640871825,-0.00830503203202273)
(0.0264495795016193,-0.0411165107671628)
(0.0403071792390005,0.0316279159411152)
(-0.0223826555322834,-0.0481209709566687)
(0.0174472004455585,-0.0459083986772506)
(0.0288567987386471,-0.0378169764448369)
(0.0429451344801036,-0.0181743474326596)
(-0.018548575133264,-0.0480316025673673)
(0.0041675557147065,-0.0469872723655328)
(0.0240849606047409,0.0461291508415005)
(-0.0503803514950192,0.00179567032668328)
(-0.046758131659459,0.0212730345546844)
(0.0175903331193922,-0.0420920300511691)
(-0.047097284815611,-0.0139850096772045)
(0.026510389365996,-0.0364071328243347)
(-0.0431756960021551,0.0221851614097816)
(-0.00607858032820943,0.044556473861592)
(-0.0467661092410957,0.0130316714659282)
(0.02532284468873,0.0386335846048378)
(-0.0406178005209404,0.0199262007567011)
(0.0305154777771136,0.0288721323388727)
(0.0381735827256607,0.0155372842715255)
(-0.00207512882771343,0.043127712562112)
(-0.0400770498761101,-0.0193701783387427)
(0.0170106557365203,0.0405185684867437)
(0.0227296580127064,0.0373298962338938)
(-0.0370256130089664,-0.0218425351014868)
(-0.0425089630144799,0.0136434127327834)
(-0.00589451162552078,0.0409835898501289)
(0.0174555013017864,0.0386337820022937)
(-0.0189935411960445,-0.036820688532486)
(-0.0409784327065316,0.0087109608919993)
(-0.0356074541573096,-0.0192388739566168)
(-0.0191682450777752,-0.0358756250396144)
(0.0260040499089349,0.029009106655851)
(0.0144522957915239,0.0349758156265499)
(0.0182051796302147,-0.0326506172826108)
(-0.0237762952932092,0.0299235824221265)
(-0.0099194112125962,-0.0347041320374302)
(-0.0230859593175831,-0.0290709687105028)
(-0.0259030629025211,-0.0264118654398749)
(-0.0236696034680087,-0.0271769704911178)
(-0.0353390761088447,0.00535175798296252)
(-0.0340991746328337,-0.00919105552585362)
(-0.0322593299480558,0.0115790999500298)
(-0.0222959508214845,-0.028938425217799)
(-0.00728508862294513,-0.035760661792976)
(-0.0266980471602078,-0.0222602787198925)
(0.0123210556846727,-0.033625387613213)
(0.0216851093126029,-0.0272001343893699)
(-0.0289655310045585,0.0132182497467007)
(-0.0277261877462447,0.0137011117199882)
(0.0311807088825135,-0.00838744607444691)
(-0.012165132089387,0.0292210405172093)
(0.0169386315350125,-0.0273324568364925)
(-0.0304752074072817,0.00347852197859562)
(-0.00152758555072283,0.0311635640375058)
(0.031565511773591,-0.00501246597274572)
(-0.00082347662925419,0.0316076831600272)
(0.0306912967921703,0.00995941646466174)
(-0.00504153945560371,-0.0320916139007059)
(-0.00828575830423131,-0.0311310722258322)
(0.0124417294929692,-0.0306296887654841)
(0.0291726819215339,0.0112143129717279)
(0.0238324972137867,-0.0183281993720276)
(0.0225229224376487,0.02054478036889)
(-0.00920459471287029,0.0267007286056806)
(0.000842495870879763,0.0294242767497671)
(-0.0198343964455116,-0.024190986195844)
(-0.0190497803213751,-0.0246805654667827)
(-0.0146048905254852,-0.0266269912269863)
(-0.0235047365526049,0.0144410883861091)
(0.00131997124547953,0.0279719150467571)
(0.0285521356131837,0.000939287486224653)
(-0.0219870020094581,-0.0207009851816984)
(0.00997543839165744,-0.0278142233735376)
(0.00802038834912785,0.0256405908305639)
(0.0207582808982148,0.0180018587122799)
(-0.000457892332357321,0.0266441879107503)
(0.00728557221105488,-0.0273543375769979)
(-0.0225197283309279,0.00943780308327699)
(-0.0242105708387425,-0.00835948144849406)
(0.0227741075880319,0.0128235906805102)
(0.0249220176432186,-0.00215632583556084)
(-0.0179468201580704,-0.0179498972705957)
(0.0212463920598873,0.0140649945472109)
(0.0222542753701407,-0.0119362401981874)
(0.0237039321384266,0.00819238337421161)
(0.00650432774745143,-0.0247765448675664)
(0.00840741896331707,-0.0251598592843718)
(-0.013231355129416,0.0187801595499334)
(-0.0137509896902465,-0.0198218348913944)
(0.0100212932709686,-0.0222213367530429)
(-0.0124640408205401,-0.0201304930099584)
(0.0176895935107214,0.015675743993793)
(-0.00840773349560418,0.0203307876850676)
(0.0150980593860616,0.0166504299505527)
(0.0226928792912952,-0.00337258055861241)
(0.00926169025043684,-0.0211429606545625)
(0.0205564774888708,-0.0105302182627865)
(-0.0141624707795259,-0.0164365294996891)
(-0.0217343645165983,0.00104977518726887)
(-0.00160519403445829,0.0205698662424641)
(-0.0176054038352981,-0.0116174471278939)
(0.0116246049332661,0.0179178349590857)
(0.0200218520672977,0.007802910393926)
(0.0130205830342652,-0.0154551300828292)
(0.00732488261886686,-0.0205994107017392)
(0.0196380056234602,-0.00138594135135634)
(0.0182888594019821,-0.00873962029074196)
(0.0166541073814866,0.0113581628041619)
(-0.0148816756678965,0.0148063331786155)
(-0.0167785917327786,-0.0130347577304519)
(-0.014066228441376,0.0148386235150649)
(-0.014022751407987,0.0145623413906422)
(-0.00751779327285766,-0.0197993509020702)
(-0.00904879612646041,0.0171612993745239)
(-0.0078115073452096,-0.0195075808031034)
(0.00267525557341773,-0.0211315951196377)
(-0.00321526700495043,-0.0201264792158762)
(-0.0171976613250242,-0.00982148190671342)
(-0.00799549931329266,-0.0172083267492202)
(0.0176860786593802,-0.00986146226560188)
(-0.0146726400614516,-0.0126420378504417)
(-0.0160896719206106,-0.0109720925452841)
(-0.00399546453417276,-0.0186015977366021)
(0.0177287091703788,0.00829566323610455)
(0.0112458366085711,-0.0151228442071205)
(0.00423194828280181,0.0185172770231621)
(0.0100716215626209,0.0158013723947563)
(0.0182503457630169,0.000466428307548618)
(0.00156687198271521,-0.0187420769138508)
(-0.00267771057432855,0.0176845969353486)
(-0.01439666513114,0.0115167028900905)
(-0.0178038123605663,-0.00275200332417439)
(0.0168382183814224,0.00720012877723423)
(-0.0173543792617912,-0.00212958255504695)
(0.0166798215590348,-0.00828743176755134)
(-0.0148708784606851,0.00896096411770374)
(0.0168546767521066,-0.00441855625559022)
(-0.0174325792901755,0.00255723004504927)
(-0.0173209792137166,0.00485220771223374)
(-0.004494984726188,0.0156693162164231)
(0.0157313997094757,-0.00180305565355741)
(0.00881211721386845,0.0139477872531558)
(0.00369487935330364,0.0163340973135656)
(0.00631852757620286,0.0153618259428906)
(-0.00324938737344231,-0.0157219883632745)
(-0.0136317812805068,-0.00833658260763694)
(0.0139259977214171,0.0078764881988695)
(0.0144122374073385,-0.00791358624320108)
(-0.00999952053601222,-0.0113196004254145)
(-0.0161892584181388,0.0052494866145766)
(0.00308972444643136,0.0153849470443595)
(0.00229663843002465,-0.0148381316728559)
(0.0137676735820253,-0.00686725741973807)
(0.00396491040342475,-0.0148045693855956)
(0.00727826806158153,-0.0135159998711873)
(-0.0124801407322556,0.00895692297241154)
(0.00375238631871826,0.0149688239568667)
(0.0130122555325821,0.00742335982765354)
(-0.0150335830616263,0.00601106769496175)
(0.0110532091555796,0.0101585779278075)
(0.011414514895046,-0.00917648645093082)
(-0.0149564632768844,0.00511229139754989)
(-0.0147364652064635,0.00544877552488107)
(-0.00532790884908254,0.0132017327186413)
(0.00980791690648591,-0.0110055746475294)
(0.0136975132301334,-0.00597426160636032)
(-0.0130738217290717,-0.00589712962264565)
(0.00833011968155101,0.0122620975458406)
(0.00857435065577332,0.0117219231459299)
(-0.0144718760194336,0.00419712640688262)
(0.0098821009581274,0.0102192571597704)
(-0.0114163786299671,0.0064184383520556)
(0.0135219843284744,0.00347592957505415)
(0.0136388837540012,0.00201254193064648)
(-0.00990801276560372,0.0086282099536542)
(-0.00951287324908294,0.00876432987295699)
(0.0129704696521267,-0.00589963751598733)
(0.00552137425848399,0.012161050435046)
(0.000109346534786474,0.0131835111396505)
(0.00104378587026641,0.0132487145655135)
(-0.012008110603785,0.00441600599552452)
(0.0128263274950347,0.00332899527552264)
(-0.00173323716542475,0.0124989044353811)
(0.00819144330439574,0.0107836372196281)
(-0.00454446689720457,0.0117698255724855)
(0.00387411937145937,-0.0141827841573423)
(0.0080045911231189,0.00979949916888274)
(0.0114251614717814,0.00491205802331349)
(0.0122507433368946,0.00324454976240163)
(-0.0119614589577107,-0.00558048112148671)
(-0.00831228274612196,-0.0118343792170084)
(-0.0125075664470286,-0.00286216644232639)
(-0.00087156366487872,-0.0139908031149433)
(0.0119837757546652,-0.00229190580843533)
(0.0118125306811726,-0.00451450319842914)
(-0.0109790397842158,-0.00742986940158886)
(-0.00740695935014473,0.00944971089843725)
(0.011748369300232,0.00158671952004827)
(0.0101810623778551,-0.00762737598054333)
(-0.00425551669023777,-0.0121461980807918)
(-0.00712677816049341,-0.0113176332353885)
(-0.00803535355606608,-0.010274523437195)
(0.00885803443398066,-0.00924398983496746)
(-0.00291999914000525,-0.0120068585269236)
(0.00447596690375404,-0.0115359138526845)
(-0.00780610138341096,-0.0101012508159636)
(0.00603760190336003,0.010310819566609)
(-0.00440005723204484,0.0100951087821516)
(0.00296351919939281,-0.0120251955989621)
(-0.00679939136587499,-0.0103958554503782)
(-0.00907929008116151,-0.00741333949472891)
(-0.00554897902831682,-0.0104528735296081)
(0.00247355828678982,-0.0113576724920231)
(0.00769511832797983,-0.00853200306492255)
(-0.0105475922823824,-0.00233595231377538)
(0.00712638390325293,-0.0089224385199166)
(-0.000659660145390036,0.0110945384739084)
(0.00484365467418035,0.00971726772719533)
(-0.000230160868512129,0.0109095579615933)
(0.00434708696327334,-0.0102738718981484)
(-0.00693525440021013,-0.00874413613052045)
(-0.00692616120062307,-0.00860553148729047)
(0.0107490489680275,-0.00218449228873827)
(0.0108404347463854,-0.00132688040808593)
(0.0109935499532133,-0.00119274652803085)
(0.00657480211427779,-0.00792630932668339)
(0.00885346135207569,-0.00545864154894602)
(-0.00989858258108904,-0.00465981165486126)
(0.00665929058349403,0.00851214297115723)
(0.00923121290663823,0.00558438066406722)
(0.00907402470665905,-0.0040663949318133)
(-0.00499987753948721,-0.00914296730201892)
(0.00583580564724205,0.0090766295844593)
(0.00813568518359345,0.00643737590406255)
(-0.0109013237505309,0.00119699359278143)
(0.00509891031142545,0.00921699657069338)
(0.00530046262796523,0.00898683189421765)
(0.00768238947590606,-0.00553891132820254)
(-2.17653840764907e-05,0.0103494318502883)
(0.00990407120408135,0.00259189572550433)
(0.00530579372364622,0.00843874518027924)
(-0.00940514104194197,0.00371870174411951)
(-0.0100544415213234,0.00131188959820879)
(-0.00504057601501877,-0.00779661856453716)
(0.00980357196185872,0.00236790437674486)
(-0.00207866448891868,-0.0087623911303965)
(-0.00979884876695274,0.00155870309980853)
(-0.00845291269093803,-0.00397002559502917)
(0.00310388125770946,-0.0086451215884835)
(-0.00772617111011109,-0.00535789354810991)
(-0.00775424717968889,0.00540892230865375)
(-0.00934736887496639,0.00167528746021604)
(-0.00155063660130417,0.00883678632869848)
(0.00117354717747758,0.00919567013539424)
(0.00874297706558614,0.00404777525139548)
(0.00194910510523895,-0.00876062834423762)
(-0.00718299751209108,-0.00556488145818705)
(0.0088221980066161,0.00327854632245669)
(-0.00779471173760185,0.00458570611272404)
(-0.00807693284640548,0.00386982375821886)
(-9.82963100552825e-05,0.00910050055388906)
(0.0025559399421067,-0.00836721017103285)
(0.00854914783221694,0.00142402600385776)
(-0.00852397180560723,-0.000176581889669935)
(-0.00501165988222073,0.00655569441245984)
(-0.00766480348456684,0.00380626399312658)
(0.00660921702808482,0.00544218283725324)
(-0.00803295462797916,0.00322118466032622)
(0.00818267518688092,-0.0012647540584496)
(0.00504785979025003,0.0064883993133689)
(0.00264143455643208,-0.00822063127218703)
(0.00770359311523352,-0.000458095620633478)
(-0.00666447667185821,0.0046722268888392)
(-0.00753180104683912,-0.00305974741603944)
(0.00296179716744341,-0.00781360325669533)
(0.00442613891779858,-0.00655839549223313)
(-0.00747844215417357,-0.00184799688625594)
(0.00653987704666283,-0.00374623652278915)
(0.00744431726730851,0.00235903942050701)
(-0.00331300511515555,0.00747746734896175)
(-0.00467405026306612,-0.00668189340623249)
(-0.00742141622579158,-0.00175530568495666)
(-0.00639747822724819,-0.00467235331054135)
(-0.00668220710386447,-0.0040226445139017)
(0.00314926421035493,0.00695847190032228)
(0.00577215708102268,0.0049471751067925)
(-0.00477921020663786,-0.0059888893392353)
(-0.00489660114132134,-0.00583885390022015)
(0.00394712782161787,-0.00578666686135272)
(-0.00564883224651901,0.00470015134173345)
(0.00665136037915152,0.00220804167246227)
(-0.00367230323047594,0.0066721119459478)
(-0.00156254142277981,-0.00750475094577311)
(-0.00107183508166798,0.00710941709897329)
(-0.00378086254943452,0.00603829804016824)
(0.00446137621956805,0.00519412592547089)
(0.00679615048954855,0.000591942403353795)
(0.00136483679460941,-0.00723417266137369)
(0.000646363827196816,0.00691063597306581)
(0.00258653084413261,-0.00646866985814335)
(-0.00657837649542499,0.00193963419691232)
(-0.00267466396691028,-0.00692381178023238)
(-0.00202507363994058,0.00657642414452876)
(-0.00591531884407044,0.00363895488959165)
(0.000247458445425898,-0.00684264268700035)
(-0.00203257340716344,-0.00653266312724621)
(-0.00276703709074792,0.00628188038245829)
(-0.000933421830850083,-0.00662271089024262)
(0.000464253508696756,-0.00673039011027548)
(-0.000156804736820575,0.00636910157527007)
(-0.00341390747569682,0.00575169254085619)
(-0.00420908692645737,-0.00519950868625186)
(-0.00631906820546676,0.0020580581820394)
(-0.00640210397182257,0.00157126369329881)
(0.00168633687289572,0.00625300578438276)
(-0.000432589659480979,0.00625568443730648)
(-0.00206608384477976,-0.00629596696720312)
(0.00661765349358397,-0.00042036956083078)
(-0.00540747927846411,0.0028574426445393)
(0.00644085330335536,-0.000647177795578315)
(-0.0054643774363704,0.00230544323851743)
(-0.00278717083192906,0.00513905669704056)
(0.00286432137052088,-0.00587972967216913)
(0.00472660685271651,0.00450582361244978)
(-0.00501221346762858,-0.00415184248338071)
(-0.00422254029626412,0.00364431886567998)
(-0.0048537256575004,0.00286381825107758)
(-0.00556638296621205,0.000157514928108634)
(-0.00529891945893804,0.00139170695544015)
(-0.004581658537176,-0.00446486914695994)
(0.00455936966038817,0.00438334619440146)
(-0.00349555617470978,-0.00500155577589413)
(-0.0044534541212649,-0.0041323485266021)
(0.00409187673408496,0.00449471402260886)
(0.00543039612205042,-0.00249456262282356)
(0.00460464780834183,0.00380756603061359)
(0.00543099217496266,-0.0023441391292092)
(0.00186412502820734,-0.00575185026875411)
(-0.00511797362918244,-0.00204027880978583)
(0.00541112857186825,0.00232715367404293)
(-0.00474582423252634,-0.00334633374811271)
(-0.00463785835576209,-0.00332467364109342)
(0.00367124248190245,-0.00439088843442983)
(-0.00199101964714067,0.00495297911818819)
(0.000490759942878853,-0.00557320280219648)
(0.00395096502153885,-0.00395737613992176)
(0.000310524619155657,0.00556290933475171)
(0.00467896584657053,-0.00286974705745935)
(0.00517227555704422,0.0017272467864878)
(0.00475421579139188,-0.00227718521679472)
(-0.0039950202027929,-0.00397662137912125)
(0.00241991755973324,-0.00479463870148094)
(0.00190111055517878,0.00493593323049198)
(0.0026166538577228,0.00468498595482962)
(0.00162468130030351,-0.00500446111559852)
(0.00324520366535718,-0.00401749490868278)
(5.3647937460546e-05,0.00502557217508935)
(-0.00160916190505019,-0.00475433980579247)
(0.00430790412471183,0.00267085095667087)
(0.0028071537047177,0.00423998292975664)
(0.00466604114996531,-0.00180262678130454)
(0.00232347625911678,0.00438986157947655)
(0.00441700961937179,0.00221608265420925)
(-0.00368392600991542,0.00318134938727848)
(-0.00168028476500587,0.00446980426450671)
(-0.00438498844500535,0.00146497866058371)
(-0.00473789960972858,-0.000715754788962228)
(-0.00269972186664644,0.00388988684471908)
(-0.00427239164332213,0.00151258850208303)
(-0.00269386448660887,0.00378325343191987)
(-0.00131949743255365,0.004261571600882)
(-0.00454919438282229,-0.00179962701393861)
(-0.00439717635932126,0.000338816231454389)
(-0.00231644391596261,0.00377910071900404)
(-0.0038829606285128,-0.00296020308151899)
(0.00402568980257873,-0.00295738010609113)
(-0.00415558508951022,-0.00223039111080018)
(0.00470880856753136,-0.00113039224586207)
(-0.00419207682699852,-0.00191080342033439)
(-0.00243547672875352,-0.00447265659771649)
(0.00427110901527724,-0.00132181869658153)
(0.00290764996589617,0.00401885149822806)
(0.00177926568703733,-0.00441912247957314)
(0.00121355412281307,0.00436129144385858)
(0.0040441686503206,0.00230021305533371)
(-0.0027037565269059,-0.00375896312589077)
(0.00161613350041665,-0.00430709666969192)
(0.00359627361875469,0.00304573269092357)
(-0.0015453124790932,-0.00444875647665576)
(-0.0005054563596045,-0.00452566236311149)
(0.00451806468383082,0.00121070674869448)
(0.00201042023397981,-0.00395984605918462)
(0.00186366630038409,0.00414474724432359)
(0.00428181959679935,0.00142381523151441)
(-0.00130486787057485,-0.00434577943689464)
(0.00306165691452816,0.00330788417448004)
(0.00229718495409795,0.00389398240449618)
(0.00428463542848268,0.000869776728577126)
(0.00287773547726443,-0.00300212100621354)
(-0.00304140093750677,-0.00327133112142952)
(0.00420384326287058,0.00130965895266942)
(0.00134660858360421,0.00408040148531806)
(-0.00102174390792969,-0.00411294166262234)
(0.00134336200527425,-0.00396395791564351)
(-0.00288829814128528,-0.00325172219735858)
(0.0036658109487577,0.00195875898585121)
(0.00238258845727858,0.00331389571568855)
(-0.00361718765971442,0.00188155512711901)
(-0.0042471323641651,0.000731493069973491)
(-0.00208207360810548,0.00298129441227081)
(-0.00376192380037315,0.000938893111468255)
(-0.00366774626773861,0.0012842780531267)
(-0.00386189821302678,0.00066764733885013)
(-0.00394559758032475,-8.01147404041549e-05)
(-0.000312871221742604,0.00358829453362263)
(0.00169726291384363,0.00361984856894142)
(-0.00325346082045427,-0.00190052915761655)
(0.00296540478167568,-0.0028582758064252)
(0.003559098563959,-0.00211741008405448)
(-0.00231808906275776,-0.00342948057036663)
(-0.0023586648628671,-0.00319961279049505)
(0.00218805555477807,-0.00341674365712881)
(0.000817805762081425,-0.00406519705190425)
(-0.00243160595291894,-0.00299775181344531)
(0.00386258964318407,-0.000642320908586104)
(0.00215901309528783,0.00320880553650604)
(0.000125074125785444,-0.00400283352133837)
(0.00358157139840938,-0.00121129525766311)
(0.00314521912235894,-0.00210237812345028)
(0.00148444915660466,-0.00371130934884991)
(0.00323507630819951,0.00186118201768497)
(-0.00172251034941945,-0.00342114304701532)
(0.00360509947106591,0.00105388814570979)
(0.00368340234147642,5.74671562179356e-05)
(-0.000653736006226639,-0.00371581257157477)
(0.00366335485815667,0.000698871964872176)
(0.00224325244122526,0.00293836345432648)
(0.000704795370136534,-0.00368978595314835)
(-0.00369737211916862,0.00054644475408893)
(0.00165401957538608,-0.00330419798091559)
(0.00236826093609102,0.00286119118357178)
(-0.00302638403939061,-0.00109999978864651)
(-0.00199332292729293,-0.00282480777280004)
(-0.00337862005347008,0.000869946688227654)
(-0.00307601528457279,0.00162280656367097)
(-0.0028842773735844,0.00205751264062462)
(-0.00222550792365035,0.00278324923105658)
(0.00148442055567258,0.00313910257711528)
(-0.000182470793210395,0.00357871103134666)
(0.00210577740282138,-0.00283457463690742)
(0.000935657787422972,0.00328337170513408)
(-0.00141353264975504,0.00317764418692866)
(-0.00236543846012643,0.00245034878525289)
(0.0032248078992371,0.00120198614546029)
(0.00260441782409996,-0.0022017653513312)
(0.00272380792789536,-0.00190277277426482)
(-0.00152005052121401,0.0030727684036998)
(0.00334106045490073,0.0001131134651491)
(0.00033636618469457,0.00322901303718586)
(0.00206081680383027,-0.00261761606830572)
(0.00126953346021411,-0.00325402774754934)
(7.46641100119053e-05,0.00326217809007536)
(-0.000626975495104011,0.00321774525793915)
(-0.00202871671818953,0.00257268625021372)
(-0.00151756187132505,0.00280563805187576)
(0.00309976485722977,-0.00021690252535669)
(0.00283407469698758,-0.00163922148752212)
(0.00313342316720245,0.0010525321395592)
(0.00140624152568624,-0.00302157846714632)
(0.00117347939065231,-0.00308605387622324)
(0.00113683352362082,-0.00312359287519901)
(0.00307256503488043,3.3618437636343e-05)
(-0.000672216008260323,-0.00323397296725754)
(0.00219173064221193,0.00216365501539008)
(0.00224368190117163,-0.00213922227883812)
(0.00148156371326785,0.00266186705978878)
(-0.00314274113012144,-0.000904880716811848)
(0.00166774169582592,0.00251933411798742)
(-0.00299258487627587,-0.000878324565658973)
(-0.00304121591276022,-0.000930973225058502)
(-0.00273392839200916,-0.00143455585905003)
(0.000693952971463198,-0.0030912376327463)
(-0.00257635544007022,-0.0017049810387263)
(-0.00299527318617842,0.000342544565613151)
(-0.00293132722327707,0.000798087820146992)
(-0.000661107179420216,0.00286606644097165)
(-0.00221958668245488,-0.00203258192278666)
(0.000291387211784617,-0.00316488216778333)
(-0.00251383439661089,0.00173935995015301)
(-0.00267891354122659,0.00137565947759484)
(0.00253022734989637,-0.00152386742793826)
(0.00235502863677172,0.00173925435389708)
(-0.00177215585278043,-0.00233384472863361)
(-0.00237604123504136,0.00186321836779717)
(5.95854087322305e-05,0.00280471315535056)
(-0.00203847827000747,-0.00199790422011233)
(-0.00209981665703743,0.00190578951096373)
(-0.00174385613451096,0.00217808402302684)
(-0.00282948893191404,-0.000334230112009684)
(-0.0025525324175182,0.00102336149570575)
(-0.00236766696168289,0.00144193454972068)
(-0.000886889403291281,0.00255834423109412)
(-0.00228600713881556,-0.00169894368567651)
(-0.00125692478171101,-0.00255516508333533)
(-0.000171894716756506,0.00269154868631105)
(0.00161607904379751,0.00216823387935602)
(0.0012607279798731,0.00241376525947755)
(-0.00040812639742812,-0.00282134128312372)
(0.00143364056885917,-0.00260641711684015)
(0.0022399972959157,0.00146873919061239)
(-0.00179969182589259,-0.00192523280393381)
(0.00271539634816068,-0.000544401666168772)
(0.000338938436944592,-0.00297209709454429)
(0.00176207385882132,-0.00216220634320643)
(0.000432404225183215,-0.00279479159710493)
(0.00258010292165617,0.000659255894104858)
(0.00263896194728005,-0.000237917345806184)
(0.000272523287127276,0.00258481744851079)
(0.00162484375323361,-0.00222394672390657)
(0.00215344112753158,-0.0014431293318955)
(0.00246059161346908,0.000674984245390835)
(0.00252075597241251,0.000672760689620539)
(0.000165787630880211,-0.00272954467912132)
(0.000315450274449231,-0.0027405421987777)
(0.00241156876933093,-0.000893357325665336)
(0.00155068370366544,-0.00200251871232918)
(-0.000601330178334918,-0.00251605004712769)
(-0.00239548009352907,0.00010103017670769)
(-0.000873631735099577,-0.00232043277407336)
(-0.00214514065892822,0.0013621056127707)
(-0.00132202736126562,-0.00192700710383478)
(-0.00151525743790989,-0.00181681038228669)
(-0.00119240653984224,0.00191471846992436)
(0.00104641018248606,0.00231516389011636)
(-0.000132762815267661,0.00244679464278895)
(0.00057946863633116,0.00234179802908869)
(0.00239932237761469,-0.000530496018791173)
(0.00151067163555762,0.00188134087271066)
(0.00158390334381011,0.00179226562151772)
(0.000204633556555214,0.00236033041214572)
(0.0019645573127239,0.00144474307450306)
(0.00176479596352858,0.0016060307849289)
(0.00251147273330062,0.000380789797877848)
(0.00247041596077722,0.000147269109582842)
(-0.00189800159291745,0.00127382100905407)
(0.00242777839949324,0.000330996665358215)
(0.00222233208893662,0.000821678457555508)
(-0.000977870166026473,-0.00207218738223913)
(0.00223486071721301,-0.000763617699286794)
(0.00185964860372711,0.00134313806087411)
(3.81641866773036e-05,0.00232417631396823)
(0.00226071235009884,-0.00026783444537679)
(-0.00174900371524475,-0.00122385919059131)
(-0.00187446845295044,-0.00112099989482484)
(-0.00195019974644541,-0.00097953577791938)
(9.17551318829858e-06,-0.00240229350514086)
(-0.0021327396977307,0.000552226613911903)
(-0.00210995208249619,-0.00033726597200964)
(0.000550682930917435,-0.00229815243025261)
(-0.000201027146491773,0.00216656468802361)
(-0.00131588225663933,0.00176437910251089)
(-0.00102723396081358,0.00191627229979089)
(-0.00102460443442202,0.00192846019309225)
(0.00207412607550286,-0.000762169120339963)
(-0.000712130748527021,-0.00196218452427147)
(0.00112281720191064,0.00187110384289205)
(0.00181505642286696,-0.00119085690992773)
(-0.00109514174599975,0.00179378867665722)
(-0.00149453189281184,0.00140947992845722)
(-0.00148347145447902,0.00135487085541196)
(-0.000792878196519419,0.0017835863522883)
(-0.00193704344211441,-0.000150341653792364)
(0.000624417176944155,-0.00194744021010632)
(0.00120597067865833,-0.00165226166327899)
(0.00144596105530938,-0.00145150132317448)
(0.00134838847886907,0.00153736137626925)
(0.00110088087206231,0.00159978986521619)
(0.00200167348151856,0.000593784554075083)
(-0.0016967831784511,0.000883045646238868)
(0.00161248681984895,-0.00098405532526334)
(0.00121574811128642,0.00143651596947943)
(0.0021093221006651,8.25296007384718e-05)
(0.00126758022244464,-0.00148803449771213)
(0.00154865233924786,0.00104385748777721)
(-0.000287836069812911,-0.00194138075177785)
(-0.000309162511652539,-0.00192174606989055)
(0.00198033880553339,0.00048550314307323)
(0.00138483976899228,0.00108730796129924)
(0.00196818549020829,-4.24783969619715e-05)
(0.00189603334002333,5.12226875845849e-05)
(0.00170233432696296,-0.00063762641088149)
(-0.00185082314333044,-0.00040697117971566)
(9.23569411039857e-05,0.00195025839656862)
(-0.00178556248969282,0.000534555388530813)
(0.000428454930461363,0.00184092665345115)
(9.95946543604735e-05,0.0018759999240677)
(0.000602216627852673,0.00175787886015546)
(0.000105670432278382,-0.00184546794873824)
(0.00156564632741224,0.000645183054023873)
(-0.00156859255443514,0.000771435178059469)
(-1.95625653868415e-05,0.00184903462741626)
(0.00148665226841247,-0.000763402280954756)
(0.00150492465932755,-0.000101804943234202)
(0.000536389939986448,-0.00171930467483488)
(0.00151732175044236,-0.000355188410555215)
(-0.00156432828303157,-0.000147566594530681)
(0.00034079812990403,-0.00176033410333428)
(-0.000988796849384783,-0.00124494520218896)
(-0.00116757101523169,-0.000978176945540192)
(-0.000208070905378558,0.00166473744531845)
(-0.00129529890526548,-0.000635362883454672)
(-0.0015918398955273,0.000601770759168109)
(-0.000791731017871565,-0.00140921305592148)
(-0.00151676772945673,0.000193308012467571)
(-0.00099130574918834,0.00126627114368534)
(-0.00151641267429655,0.000465275517330709)
(-0.000722631556596454,-0.00144078322407121)
(0.00120559571933886,0.000485738496971983)
(-0.000988769362028234,-0.00093537930261758)
(-0.00141405594224763,0.000781337098717514)
(0.000843821806991669,0.00123976650030383)
(0.00108244858512071,-0.00116992512276145)
(-0.000494392388412725,-0.00143964992592878)
(0.000897683715357275,0.00109729014813246)
(0.000844687958901672,-0.00135033333949733)
(-0.00114416893369299,0.00104236250277671)
(-0.00130349455646162,-0.000222214994084406)
(0.000825828776183099,-0.0012795305945835)
(-0.00103330349004744,0.00103095458710715)
(-0.000499328146877969,-0.00126944066564736)
(-0.00125122671512115,0.000821134725541374)
(-0.000106129423435011,-0.00146468735103314)
(0.000922793326103157,-0.00108471978920046)
(0.00038376328657448,0.0013687285030645)
(0.000233462537187333,0.0013728806254075)
(9.26029951005381e-05,-0.00142009648234592)
(-0.000923495447282558,0.000970959877479269)
(0.000326287568614367,-0.00139074110180839)
(-0.00016912486372914,-0.00136727654422588)
(-0.00112159330295263,0.000709282949284166)
(0.000574566529855421,0.0012559993053776)
(0.000471481556090792,-0.00142113629940437)
(0.00100198307808063,-0.000821310936603741)
(-0.00131517071394848,7.12915683715154e-05)
(-0.000149445356498117,0.00135998723163771)
(-0.000114927765494879,0.00139032320429658)
(0.000480774460516168,-0.00137335244467714)
(0.00092200470334464,0.00100804351463313)
(0.000941120097264043,0.000768947941286314)
(-0.00100184057530874,-0.000589424038977184)
(-0.00102573260372188,-0.000252740088453723)
(0.000102450851213881,0.00116528784612601)
(0.00065322312666829,-0.0011068702817256)
(0.000700525156126867,-0.000947964008756648)
(-0.00103931804196121,0.000599448701154593)
(-0.000935175061233817,0.000702587099547526)
(-0.000934855307475843,0.000697358878208854)
(-0.000408873954319383,-0.000978176762576613)
(-0.000981930953348216,-0.000373697208950229)
(-0.0010214475411984,-0.000284619007280567)
(0.000296300106203039,-0.000981599550184241)
(0.000822584180857932,-0.000719794408437602)
(0.00107916782185019,-0.000181157973781407)
(0.00111663171798799,3.50361123659925e-05)
(0.00104254542444482,-0.000254478206072232)
(-0.00042536041535391,0.00101857415589593)
(-0.000178576908165963,0.00110633373828461)
(0.000667344295708228,0.000938935525792148)
(0.000858908879313475,0.000658688632063308)
(0.000856500201247609,0.000757816558099455)
(-0.00031074922754971,0.00102875635110117)
(-0.000862821455523318,0.000556388075050591)
(0.000693390056406608,0.000775886671279587)
(0.000690062318955676,0.000789069846763869)
(-0.000216911629637969,-0.000948240427206747)
(-0.000339643684332621,-0.000832345589429141)
(0.000410187383188733,-0.000896483245561921)
(-0.00090800966083101,-4.1163869248182e-05)
(-0.000817410992199024,0.000415876385122635)
(-0.000799308424065358,0.000633171565776009)
(0.00098479771427519,-0.000257633949091291)
(0.000773028876941249,-0.000584068146552504)
(0.000634369885370471,0.000895769986640885)
(0.000873360623383576,0.000461121598669905)
(0.000850239098146743,0.000466075661594824)
(0.000883892264306016,-0.000212262645166505)
(0.00013823024295829,0.000973284127012831)
(0.000614842149140576,0.000653561694012377)
(0.000169340803147437,0.00096137106123031)
(0.000163186985881649,0.000879546302014037)
(0.000143530043939792,0.000870314080130187)
(-0.00067836967309532,-0.000416993482626174)
(-0.000605654939271344,0.000713902272799226)
(-0.000780954060396178,-4.89653084415106e-05)
(-0.000792583188976759,0.000256595172473079)
(-0.00013265544137116,0.000877319669815961)
(-0.000798185064947423,0.000217718577001667)
(-0.000112330251280083,-0.000814008590095624)
(2.37896966891689e-05,0.000835983113672236)
(-0.000410904963784172,-0.000501132038637827)
(0.00079774567869865,0.000347843800752941)
(0.000858416095517131,-0.000251019625529587)
(0.000158900721326735,-0.000781495962303591)
(-7.07914005478355e-05,-0.0006956642880264)
(-0.000445595956173318,0.000639298088658698)
(0.000678359593379898,0.000546226855712563)
(0.000248651917403132,-0.000722665480474466)
(0.000662445678805253,-0.000427190350537207)
(0.000432445790569968,0.000621180190102283)
(-0.00070609806394344,-1.62325486477658e-06)
(0.000351347999638624,-0.000666667088104803)
(0.000268058684825302,-0.000699577321033202)
(-0.000427471494405252,0.000618508841833168)
(-0.000629496116592594,0.000131966286610975)
(0.000269752493189006,-0.000651009280838792)
(0.000677649242363,0.000130756540813178)
(0.000708225727771232,-9.80181238773836e-05)
(0.000622319509444287,-0.000153215465237649)
(0.000607924091395612,-0.000218407353226417)
(-0.000171550759345701,0.000591174881172167)
(0.000439777404351507,-0.000439509137427985)
(0.000346852184560478,0.000533210045388156)
(0.000192123270192433,0.000602793423498864)
(-0.000552776091785322,-9.63607370351479e-05)
(0.000108093219948481,0.000619896722449075)
(0.00055628267169211,-0.000315104542144288)
(-0.000567718014125609,1.80880322222744e-06)
(-0.000570234488516278,0.000142342583326107)
(0.00054685817756554,0.000233400759872674)
(-0.000177923460669659,-0.000470962706915128)
(0.000315224799458701,-0.000475328930987784)
(0.000360961726211085,0.000385130495977654)
(-0.000521078275534507,6.12774144369039e-05)
(0.000106374185633453,-0.000471936346193877)
(0.000523791657587189,-0.000143638405065881)
(0.000305093855710624,-0.000403716349091768)
(0.000425901496686645,0.000277317165762153)
(0.000225796325108632,-0.000443053558053742)
(-0.00037044662947325,0.000286833688241425)
(0.000470312063065934,-0.000214657757063743)
(-0.000157963482486687,-0.000371195797693431)
(-0.000297220190830563,-0.00027781328798116)
(-8.57298676806464e-06,0.000464935710790105)
(8.66639969160247e-05,0.000451133718019629)
(-0.000347726033735257,0.00017821385902813)
(-0.000377761944845422,0.00014358461659594)
(0.00030807131828638,-0.000229336668180168)
(0.000416184519664783,-8.79149784719679e-05)
(0.000362249346108494,9.16690768389133e-05)
(-3.93186704632095e-05,0.000343432431376516)
(-0.000230122851070819,-0.000109084547799624)
(2.63034451030315e-05,-0.000255282488490504)
(-0.00018209877198874,-1.35181162329001e-05)
(-0.000110523959660094,-6.56394502302319e-05)
(4.34562815806189e-17,2.1813412812768e-17)
(-3.10790393266405e-17,2.94752369503916e-17)
(-1.06583033635979e-17,3.08804181630383e-17)
(-1.70854697672789e-17,-2.90039587804964e-17)
(-2.63411411132991e-17,-1.94661593080775e-17)
(-3.16743971097416e-17,-8.08990277918333e-18)
(2.30931358454719e-17,-2.10623761559878e-17)
(5.3103671181166e-19,3.02127247025296e-17)
(1.53144996102541e-17,2.51545211708857e-17)
(-4.89510662338321e-18,-2.91386376094477e-17)
(1.55654969048976e-17,-2.39135898347931e-17)
(-2.3809876544249e-17,1.26179164989524e-17)
(-2.67365681172126e-17,-4.6438422191935e-18)
(2.58525498054059e-17,-2.59037068836221e-18)
(-2.17235616233663e-17,-1.48351430219888e-17)
(-1.69052130632081e-17,1.79140643979848e-17)
(2.39612099567795e-17,5.39515956568073e-18)
(1.27527202519891e-17,-1.8091274183669e-17)
(1.85895865228692e-17,1.13103044955447e-17)
(2.48537205246067e-18,2.19679113495747e-17)
(-1.88517080216263e-17,9.41932690081074e-18)
(1.87052109427713e-17,-8.48927290129377e-18)
(-9.27021570251442e-18,-1.84093475615307e-17)
(6.16583846339361e-18,-1.80723554573103e-17)
(1.88012164798733e-17,-4.51840386985724e-19)
(-1.74726169672443e-17,4.74396372049243e-18)
(9.62481267113219e-18,1.52878530663362e-17)
(1.21170584567309e-17,1.29730300868774e-17)
(-6.39718523180073e-19,-1.77839279534058e-17)
(-1.27722285288657e-17,1.23055911598185e-17)
(2.8364267018507e-18,1.67070331593823e-17)
(-1.05571723860389e-18,1.60099957637827e-17)
(-4.50903345632923e-18,-1.53662059864808e-17)
(-1.47848799292568e-17,-3.76528974653531e-18)
(3.4138612081712e-18,-1.46627477454878e-17)
(-1.12248761227342e-17,-9.32180910489982e-18)
(-4.98130258176974e-18,1.37781737589256e-17)
(1.27216695544513e-17,-6.84110831678219e-18)
(1.43705801352338e-17,-1.98417568540961e-18)
(1.21143087521261e-17,7.84127758133711e-18)
(1.24669361731772e-17,5.84185227527091e-18)
(-3.07401832139893e-19,1.33422827806313e-17)
(5.86868039674398e-18,1.13441780826182e-17)
(9.85505437933984e-18,-6.89460620192939e-18)
(-1.09439637596059e-17,4.40399315922318e-18)
(-7.83035788888448e-18,-8.68545514586379e-18)
(4.40882866513647e-18,1.03598240911435e-17)
(-1.11615011722247e-17,-1.38204747254081e-19)
(-6.55031397573304e-18,8.3205908661612e-18)
(4.05289511478506e-18,-1.0033336764972e-17)
(-4.7867046972669e-18,9.68231521651685e-18)
(1.06107563295788e-17,3.13248981223906e-18)
(1.0674698854332e-17,-2.41793322132374e-18)
(-9.35364119065016e-18,-5.43277124979346e-18)
(-3.25809178578688e-18,-1.03532560535273e-17)
(-8.73946420437604e-18,-4.73931249951086e-18)
(7.81101119737387e-18,-5.63065311456509e-18)
(-2.96998098150109e-18,8.75838337295979e-18)
(8.15942528843614e-18,4.48173590013047e-18)
(-7.44165606924638e-18,5.40693127477118e-18)
(1.9625156781414e-18,8.70409101926239e-18)
(-8.94030875109778e-19,8.45624230818241e-18)
(1.10581281359503e-18,-8.53043791838146e-18)
(-1.95144452130799e-18,-8.44760018715924e-18)
(7.81435745025052e-18,-3.58970313674135e-18)
(-4.6784763196582e-18,-7.44834840201553e-18)
(4.52566510323557e-18,-7.05633435357893e-18)
(-8.24144696359324e-18,1.19330057505258e-18)
(8.19290942404592e-18,-7.49441997564183e-19)
(4.91406436951598e-18,6.29823667397046e-18)
(-7.15823059819668e-18,-2.85170509480731e-18)
(-6.18180700911607e-18,4.27003815091111e-18)
(-4.61861800495771e-18,-5.92160649883909e-18)
(5.91945120690827e-18,4.26334414486565e-18)
(-6.3978594897372e-18,3.28059167429608e-18)
(7.39204482452371e-18,-6.37465199238078e-19)
(3.45897038894203e-18,5.73849108359699e-18)
(2.00653754525399e-18,-6.5377349564446e-18)
(-6.59368003534269e-18,-7.46254558749252e-19)
(-4.46839384771615e-18,-4.76309131207645e-18)
(3.83831408153474e-18,-4.96150081435848e-18)
(-5.50436243735554e-18,-3.02572759303479e-18)
(-3.52915110349646e-20,6.04015794013076e-18)
(5.46387892640622e-18,2.40791830567909e-18)
(5.86310535610571e-18,4.86699968088e-19)
(8.16025261636718e-20,-5.76253315884715e-18)
(4.8326853127197e-18,-3.51708280044355e-18)
(-3.88018725607633e-18,4.08312690319139e-18)
(-2.92679371697115e-18,-4.68862058375827e-18)
(-5.27471866911092e-18,1.30929802570622e-18)
(4.82846982951526e-18,-2.60098429310713e-18)
(-9.38069027538622e-19,5.32700853763934e-18)
(-1.29912648447216e-18,-4.8409478812791e-18)
(-1.50838015599478e-18,4.7961739888121e-18)
(3.71821419842627e-18,3.23338090800144e-18)
(-4.79124272529397e-18,-1.25004746815025e-18)
(-2.40748026479665e-18,-4.02304820016645e-18)
(-3.9522767677084e-18,-2.37789335120235e-18)
(-4.55247338176362e-18,5.77743237438971e-19)
(2.52685463410771e-18,3.90851604475507e-18)
(4.52171697908664e-18,6.05798065400308e-19)
(4.41828668039125e-18,-2.8136463543214e-19)
(1.47887537451881e-18,-4.00432191822495e-18)
(6.0332692095143e-19,4.32062606883526e-18)
(1.36447628462932e-18,4.11179375980487e-18)
(-3.74185692154362e-18,1.88864044777705e-18)
(-3.49869353005104e-18,1.99647827401935e-18)
(2.22134522806391e-18,-3.27096791777844e-18)
(-8.63464582957209e-19,3.93543375927295e-18)
(-7.84743797736327e-19,-3.62359067758804e-18)
(-3.83390141180741e-18,-2.36646804658398e-19)
(-3.36931205017364e-18,-1.74760074953539e-18)
(2.40106960818874e-18,3.15592213008717e-18)
(3.12529441785334e-18,-1.82059915390516e-18)
(2.95477988124843e-18,2.53390158994444e-18)
(3.52475749782337e-18,1.54413784898648e-18)
(8.38633918198783e-19,-3.35673493444822e-18)
(-2.32482974722515e-19,-3.32714164962199e-18)
(-2.24956742138299e-18,-2.48167732325524e-18)
(1.43335174090791e-18,-2.98867151679625e-18)
(-1.71152671035717e-18,-2.79479490121745e-18)
(-2.02413220141805e-18,3.06688156422604e-18)
(3.37130029876193e-18,8.30652154290941e-19)
(2.60881888389577e-20,-3.07231014118834e-18)
(-1.39830163810768e-18,3.27852042412881e-18)
(2.97457085975817e-18,-6.84777807443912e-19)
(-2.90584424264314e-18,-1.31933231624979e-18)
(2.91915504078203e-18,1.59492597201368e-18)
(1.96088707051999e-18,-2.15906051471014e-18)
(-3.05529384570077e-18,8.75819222953123e-19)
(2.39926292667079e-18,-1.56266934835939e-18)
(-4.67713574367818e-19,-2.58782996559553e-18)
(-1.91408597524931e-18,2.32036579203646e-18)
(-2.29147505972264e-18,1.72186337219307e-18)
(7.65368021493167e-19,2.87717896677117e-18)
(1.67520412543822e-18,2.32187018134531e-18)
(2.60371083720178e-18,7.75061886615845e-19)
(-1.28477520080649e-18,2.53611700219825e-18)
(-2.67417691005971e-18,4.78811036405128e-19)
(2.31528776304941e-18,-1.162176118258e-18)
(-2.61134752446696e-18,-3.47186810804877e-19)
(2.44620909990562e-18,1.22156093843912e-18)
(-2.44273706960868e-18,-7.84269792036919e-19)
(-6.67787928933478e-19,2.58109970591448e-18)
(9.37662450329135e-20,2.58492238110132e-18)
(-2.12818368780594e-18,-1.17101758842829e-18)
(1.29406971894191e-18,-1.91070676373314e-18)
(1.9814045349046e-18,1.28305170730139e-18)
(6.37147370206685e-19,2.30209084582185e-18)
(1.5868107341872e-18,-1.5651100962955e-18)
(1.1572605452822e-18,1.78782153141135e-18)
(-2.17246197533939e-18,2.49471417765716e-19)
(-1.95352030795533e-18,9.85295793069416e-19)
(-6.18163071066747e-20,2.17723816175971e-18)
(-1.28984505647879e-18,1.74216413966108e-18)
(-1.18869225880627e-18,-1.70607635324033e-18)
(2.09572510814377e-18,-3.49352742258e-20)
(-1.49398029404898e-18,1.25963819582232e-18)
(6.00595135517425e-19,-1.84543345109579e-18)
(8.96674074035096e-19,-1.66586707454246e-18)
(-4.12981546127136e-19,-1.84133243779253e-18)
(-8.23813325500184e-19,-1.69400779670058e-18)
(-1.59758773158171e-18,-9.3174427667638e-19)
(1.64492463348271e-18,8.2990132272305e-19)
(-1.68931897234516e-18,-6.78669682974913e-19)
(1.21851432914708e-18,-1.39679782827141e-18)
(9.51028516130952e-20,1.77068963630275e-18)
(1.76388574351013e-18,-6.02337544024875e-19)
(-6.83227859886464e-19,1.62144204651916e-18)
(-2.86351036271818e-19,1.70325649384395e-18)
(1.75721185105969e-18,1.98108901222688e-19)
(1.22581437953636e-18,1.17537236203964e-18)
(2.23106374424486e-20,-1.73487004956977e-18)
(-1.37834432084934e-18,9.64098932527983e-19)
(-1.0998641292144e-18,-1.18696189328697e-18)
(-1.4972481355168e-18,-4.09668880750727e-19)
(6.36132045249746e-19,1.39011142190094e-18)
(1.42068339337104e-18,5.5527227590953e-19)
(-1.07454149752004e-18,1.05907774341808e-18)
(1.25827036763063e-18,7.5794127380346e-19)
(-3.49012338344119e-19,-1.48467609978089e-18)
(1.40845473513392e-18,-6.34710199672667e-19)
(1.14018516319366e-18,-9.69019638595072e-19)
(-1.48451696797935e-18,1.55125614494838e-19)
(9.99399169623455e-19,9.75224115545022e-19)
(-1.35275885191884e-18,4.44326390440198e-19)
(9.42750268033354e-19,-1.03144787680413e-18)
(4.88069802556638e-19,1.26476903386186e-18)
(1.45678981308317e-18,-1.05681719796092e-19)
(-6.28287610950604e-19,1.11162588367994e-18)
(-7.87019434925653e-19,-1.08303370607786e-18)
(-7.28495432915305e-19,9.8918289264546e-19)
(7.13842197747771e-19,9.78015469119018e-19)
(-4.27402901258511e-19,1.12949564972715e-18)
(-6.32822559109732e-19,-1.08926662257274e-18)
(-1.22945535765238e-18,1.75468050009237e-19)
(-1.18635530422451e-18,-3.45336422515535e-19)
(1.1069287926929e-19,-1.21141423705384e-18)
(3.68814756625092e-19,-1.10362591113686e-18)
(8.55026902677132e-19,-8.10745721296832e-19)
(1.19980232387387e-18,-1.15289504605715e-19)
(-3.37648792502147e-19,-1.11319057302856e-18)
(-1.16347823679299e-18,-2.80050710190135e-20)
(-9.40390667291517e-19,-6.37125911619017e-19)
(4.97743421742212e-19,-1.01039842000766e-18)
(-1.64591558189101e-19,1.1524776670571e-18)
(1.13152672202289e-18,-2.35204851926041e-19)
(1.05846406330167e-18,-4.51039707429099e-19)
(-1.03219698829843e-18,4.6878189367162e-19)
(4.15264893432186e-19,1.00336173923362e-18)
(1.06335421407054e-18,6.12567947514092e-20)
(-2.15561656204156e-19,-1.02205979840223e-18)
(8.51744998202786e-19,6.02352266410184e-19)
(-4.3528817033888e-19,-9.26233110104963e-19)
(8.85297614496411e-20,-9.91540805173588e-19)
(7.47847683299775e-19,-6.24531772447552e-19)
(3.88414050755545e-19,9.18964081194257e-19)
(9.0961467573554e-19,2.84765591269782e-19)
(6.80213199671377e-19,6.64810236074736e-19)
(-9.65703490934753e-19,-2.17925293686706e-19)
(-9.10693544291364e-19,3.84914499477692e-19)
(-2.9687319826702e-19,9.20798957594633e-19)
(-6.15592664701285e-19,7.41174947130227e-19)
(4.42214504408726e-19,-7.96370814397505e-19)
(-7.50573904298378e-19,5.56437686300582e-19)
(8.08066143676939e-19,3.62394641118925e-19)
(8.15572626071949e-19,-3.04368542483109e-19)
(8.14718448841314e-19,2.83863217264652e-19)
(-6.07012300802117e-19,-6.33791369930754e-19)
(1.39771746233877e-19,8.39623374482483e-19)
(1.30994438416283e-19,-7.99210215244046e-19)
(3.110946153353e-19,-7.5063409761628e-19)
(-8.73586634889306e-19,3.30103179319415e-20)
(-6.0425219316246e-19,-5.43889723880169e-19)
(-1.07790024889356e-19,-7.84912491458717e-19)
(-8.32292912590377e-19,5.83924661182289e-20)
(-9.64490087368718e-20,7.63943721500393e-19)
(-4.44581866310432e-19,6.46683339706708e-19)
(-2.51297711806699e-19,7.18810369826826e-19)
(5.62009705252416e-19,-5.15876612923087e-19)
(-7.8223005071559e-19,1.84299873410135e-19)
(-5.92218255627506e-19,5.01781861569386e-19)
(7.6129582256616e-19,-1.0511260018364e-19)
(4.03894060137473e-19,6.48537714380203e-19)
(-7.65397181979756e-19,-1.25365797843708e-19)
(3.58731119854478e-19,-5.80882796277328e-19)
(-4.13469958246098e-19,-5.68040220089068e-19)
(-8.32592867224955e-20,-6.63380392464301e-19)
(4.94042918495163e-19,4.86768757359349e-19)
(6.21525129518655e-19,-2.11122750516092e-19)
(-5.46775629139524e-19,-4.04415248631905e-19)
(5.76901989630846e-19,2.91556142398269e-19)
(1.32905571616661e-19,6.33848367904637e-19)
(6.37611991666465e-19,4.72872508001227e-20)
(-4.96495692838549e-19,3.86267033549194e-19)
(4.62350980086503e-19,4.11233126289309e-19)
(4.56057227827472e-19,-4.09327312114641e-19)
(-5.92853192694289e-19,2.18104675306029e-19)
(-5.98830770361586e-19,-1.86158735555258e-19)
(-2.80358788002432e-19,-5.4259278805268e-19)
(-5.46512131900061e-19,-2.55938085038782e-19)
(-2.73335039708962e-19,5.23460576014306e-19)
(-1.05764579733504e-19,-5.57375963525811e-19)
(3.67579912771053e-19,-4.14982339069082e-19)
(2.04274159974166e-19,-5.06329993561399e-19)
(4.92513549924942e-19,2.40822092822621e-19)
(-5.2520116840529e-19,1.29929253323948e-19)
(5.31705311407145e-19,-1.01129968965077e-20)
(-8.60388978407237e-20,5.33719665916528e-19)
(4.5636583349892e-19,-2.31025948971592e-19)
(-4.97664024377212e-19,5.4261168119884e-20)
(-2.41725530903016e-19,-4.27579679475446e-19)
(-3.09086735534056e-19,3.77571248562848e-19)
(1.06685298793391e-19,4.84692536996132e-19)
(-4.64857889072446e-19,-7.54802641910479e-20)
(2.35168503916978e-19,4.08720880690671e-19)
(4.05424953257098e-19,-1.72169492877715e-19)
(-3.30314668253202e-19,-2.78109758675583e-19)
(-3.50592227986489e-19,2.8403808314036e-19)
(8.17998318255472e-20,-4.19820470809125e-19)
(-3.09023915798967e-21,-4.25486213664534e-19)
(-7.18843337548045e-20,-4.09457461096374e-19)
(4.18538621459583e-19,-2.72246563004006e-20)
(2.565318401797e-19,-2.87276715314411e-19)
(-3.60624689052427e-19,-1.45113122882477e-19)
(6.53489463648521e-20,4.2250816573787e-19)
(-1.01889378252675e-20,4.22444099202534e-19)
(-3.64200348823795e-19,-1.0284897338192e-19)
(-3.68263512321225e-19,5.18268360645922e-20)
(1.48763657322245e-19,-3.48888625045311e-19)
(2.51955404783362e-19,3.00773763360056e-19)
(3.83234431900666e-19,2.37356195509385e-20)
(-3.43580456342022e-19,6.14394993841359e-20)
(-2.94885952175201e-19,1.99509159838189e-19)
(-2.4050740487832e-19,2.49642886582055e-19)
(-1.30598398974541e-19,3.16786788785435e-19)
(1.94718633997388e-19,2.89270451711852e-19)
(-2.13511778799632e-19,-2.57074089314404e-19)
(3.44282165244202e-19,8.06218564144631e-20)
(-2.373008378495e-20,3.38373623916996e-19)
(1.74107703817549e-19,-2.63684157338277e-19)
(2.03109387008957e-19,2.45869842661553e-19)
(-1.42511774465235e-19,-2.76563570867367e-19)
(-4.70474780724209e-20,2.96921498060712e-19)
(2.77993640535569e-19,1.05606701586643e-19)
(2.14997933895035e-19,1.7040937970828e-19)
(9.90305076142565e-20,-2.49694200832972e-19)
(-9.93719380358554e-21,-2.68111540018995e-19)
(-1.09561728070705e-19,-2.3114407286512e-19)
(-1.13790013780087e-20,2.49670601967855e-19)
(2.45691190438424e-19,-1.37281613726231e-20)
(-3.03246125737502e-20,-2.3939992355592e-19)
(2.17569121053958e-19,1.09967321516293e-19)
(-8.02001848429125e-20,2.29182437564964e-19)
(2.1109937195225e-19,-1.04918884087295e-19)
(1.81888633944728e-19,-1.47787408259289e-19)
(-2.26185634437205e-19,4.5150440017494e-20)
(-1.86003139719236e-19,1.38126065136247e-19)
(-1.91036695600916e-19,-8.7984704596575e-20)
(5.82748111349819e-20,2.05717806943123e-19)
(-1.66830160911768e-19,-1.05656417777332e-19)
(-9.94456821715667e-20,-1.69080394180021e-19)
(1.94703597870559e-20,-1.93933954467189e-19)
(-1.70042193660351e-19,1.00110165110469e-19)
(-1.13402821501022e-19,1.62245320655189e-19)
(4.90141692969485e-20,1.85091009532476e-19)
(1.46208081005688e-19,-1.13173284532612e-19)
(-1.59322274612753e-19,-7.67311164949917e-20)
(-1.13264806495561e-19,-1.30562471313276e-19)
(1.69191241799331e-19,4.65669762936243e-20)
(7.46120748817075e-20,1.52359210748748e-19)
(1.58743397198003e-19,-3.02461994407501e-20)
(6.06475901943239e-20,-1.44590968146195e-19)
(9.66345241885782e-20,1.0878937819712e-19)
(-5.30574198957107e-20,1.3552288715307e-19)
(-1.29141653574986e-19,-3.32662395680442e-20)
(-7.24576547590723e-20,1.2164936080783e-19)
(-1.16325018625181e-19,6.99079502723574e-20)
(-1.30916601483091e-19,7.1842131205482e-21)
(1.16393535929373e-19,6.592273451303e-20)
(1.2749529368796e-19,-7.61176232557712e-21)
(9.74593518413942e-20,-7.70095803082348e-20)
(4.64121656569917e-20,-1.15269026222111e-19)
(-6.83707147701076e-20,1.06897860186093e-19)
(1.11022855839599e-19,-3.85337352113933e-20)
(-2.48617290790533e-20,-1.05437906406721e-19)
(4.73782831870862e-20,9.90120334357565e-20)
(-1.00547656504217e-20,1.04813158259022e-19)
(-6.73933217614214e-20,-7.66376639088335e-20)
(7.44283297931495e-20,5.89583569669256e-20)
(6.42948618175706e-21,-9.38361682633123e-20)
(7.44359582303954e-20,-4.35173890750168e-20)
(5.72848713138099e-20,-6.33743089858523e-20)
(5.5066740047466e-20,6.0044483091808e-20)
(-7.12245666673715e-20,3.44705728712881e-20)
(1.87214563163398e-20,-6.94066998871447e-20)
(-6.70156891619322e-20,4.90594428507285e-21)
(-2.43346354476921e-20,6.39255876453009e-20)
(2.56375632253448e-20,6.00436778684948e-20)
(-3.02110074310248e-20,5.29549344041289e-20)
(-4.07033540515026e-20,4.02404956461303e-20)
(2.86435518260505e-20,5.0683598577365e-20)
(-2.23675382783279e-20,-5.16023458048842e-20)
(5.18409277103457e-20,-2.01714888776393e-21)
(-3.9489096611175e-20,-3.33617234443452e-20)
(-4.4917659684628e-20,-2.29520896712874e-20)
(-5.18175674659104e-21,-4.81464064284042e-20)
(4.12531226218263e-20,-1.89897216138871e-20)
(-4.30097781329791e-20,1.20057730307702e-20)
(3.43351408701491e-20,1.1017912642771e-20)
(1.92472729607552e-20,-2.91941978875228e-20)
(-1.74571537945006e-21,2.78122895895089e-20)
(-2.74977937030083e-20,-9.47850112143527e-21)
(-1.8103084701611e-20,-1.29707046585848e-20)
(2.27912026334183e-20,-5.68296310269922e-21)
(1.7746555213188e-20,-1.05053381732421e-20)
(-1.93063260624286e-20,1.05763838816627e-21)
(-6.42185981277205e-22,-1.51844799549516e-20)
(-5.70309564962368e-21,8.82361271649372e-21)
(7.49444334600613e-21,6.84516644471445e-21)
(-7.322866062899e-21,-5.56339563753549e-21)
(7.22550741859767e-31,1.13175349780913e-29)
(-2.2512327269412e-32,1.46954303250387e-33)
(-1.68732940122721e-32,1.46780882070331e-32)
(1.88190883360349e-32,3.3416246858364e-34)
(-9.64570148507019e-33,-1.17232737099524e-32)
(8.31309643772966e-33,1.17298433558155e-32)
(-1.25858550976953e-32,9.93921145660611e-34)
(2.58357078608292e-33,9.81685334719481e-33)
(2.28510168723831e-33,-9.36062159798925e-33)
(8.61535963113387e-33,1.69531916573941e-33)
(5.75654317885968e-33,-6.42630884025883e-33)
(-7.70427034422339e-33,-2.13132803710605e-33)
(-5.77008979391273e-33,3.76007796887186e-33)
(-5.7289627313259e-33,-3.05193672064048e-33)
(5.83968670913875e-33,-5.00964575156313e-34)
(-5.47584601626744e-33,1.71631983001244e-33)
(-1.697991155532e-33,5.0326138278569e-33)
(3.85818066754975e-33,3.22617000452179e-33)
(6.16418990317443e-34,4.0676871212e-33)
(4.54628663630648e-33,-1.14447748336383e-33)
(-2.92618801366187e-33,-3.28693716989589e-33)
(-3.02818578495768e-33,2.03562000875717e-33)
(-2.13458306761583e-33,-3.50946164841607e-33)
(2.72192078476361e-33,-2.65570176667659e-33)
(3.45322518201179e-33,-3.7526410345204e-34)
(-1.05070230377357e-34,-3.63223601401526e-33)
(1.72210827141118e-33,2.21794426700281e-33)
(-2.83390412681444e-33,7.03443375085904e-34)
(-2.7425742380871e-33,-7.52613662506368e-34)
(-1.28619427886887e-33,-2.74596104875621e-33)
(1.12467357613174e-33,-2.8335264094347e-33)
(-2.29280302828899e-33,-1.03593892015658e-33)
(-1.1304570386664e-33,1.98200103249899e-33)
(-1.29567013530016e-33,1.82344861453589e-33)
(8.78561807716964e-34,1.88328308433685e-33)
(-7.82099834945256e-34,-2.14186270917568e-33)
(2.12753644158193e-33,-8.153636259215e-35)
(1.25416480281028e-33,-1.92140224815439e-33)
(1.48221531901166e-33,-1.61457581888143e-33)
(1.71506940448902e-33,-1.32549978058953e-33)
(-2.01427322908282e-33,-6.67476337272478e-34)
(-2.04902521637182e-33,1.99050425750311e-34)
(1.92583518382576e-33,4.71953165167229e-34)
(-7.11894950149712e-35,-1.9199437189698e-33)
(6.34197050926477e-35,1.69093777602393e-33)
(1.24450844528494e-33,1.1307757447837e-33)
(-3.04712328954662e-34,-1.72777197614249e-33)
(1.56504055306656e-33,-2.3629922831995e-35)
(6.84704954957725e-34,1.30851310303717e-33)
(-1.19339038974651e-33,7.9411948592432e-34)
(-6.60131723163696e-34,1.25233596747265e-33)
(3.64223184172248e-34,-1.50523674164924e-33)
(5.44954353648077e-34,1.25804340408243e-33)
(-1.24298079498821e-33,-6.93556848696628e-34)
(-1.07279445794645e-33,-9.13949967460785e-34)
(-7.57196014670047e-34,-1.24485887648581e-33)
(-1.29143344558855e-33,3.96509215258735e-34)
(1.18990055276609e-33,-6.76122924777514e-34)
(1.05142625471369e-33,-8.76352197875806e-34)
(5.03440016624614e-34,-1.2655501953593e-33)
(-6.2013806577477e-34,-1.21250210716177e-33)
(1.15847656577258e-33,5.23942827992841e-34)
(1.35533749262469e-34,-1.34682932137127e-33)
(-1.75141393784131e-34,1.19751402271524e-33)
(-1.23275691680392e-33,2.03654814812984e-34)
(-2.72412981811339e-34,-1.26203311735475e-33)
(-1.1768178476574e-33,-1.58828710523202e-34)
(-9.82694919627824e-34,-6.33753618708417e-34)
(4.84870330961127e-34,9.49313444999798e-34)
(1.06575795151275e-33,-1.36188964239291e-34)
(9.67065379170195e-34,-4.73427975764397e-34)
(8.52421447730188e-34,5.87220219495112e-34)
(-9.75772274082755e-36,1.02241735868895e-33)
(9.50457867937266e-34,2.48968255879932e-34)
(-6.59255567746303e-34,-8.28045990563284e-34)
(7.09326452871063e-34,-7.42730566328787e-34)
(9.75572951861046e-34,2.47557311274481e-35)
(5.88591903877954e-34,-8.30925198995202e-34)
(-6.2655264414166e-34,6.77048554035807e-34)
(-9.14024566829535e-34,1.21628414940446e-34)
(-8.5750625448875e-34,-3.2048272792309e-34)
(1.82402234452733e-34,-8.91727263990698e-34)
(-3.08813894829789e-34,7.84014492032111e-34)
(4.73063842698196e-34,6.57030481868338e-34)
(-4.8903760230692e-34,-7.3203285640393e-34)
(-2.45808622887057e-34,-8.3833388210977e-34)
(7.38047510351213e-34,-3.39305852578387e-34)
(-1.19310347531417e-34,7.4192839109759e-34)
(-7.12804926636302e-34,3.50624068413098e-34)
(5.92820906232217e-34,4.66915042141051e-34)
(-5.60619697587813e-34,-5.23347112580533e-34)
(1.17283855169204e-34,-7.77667595694417e-34)
(-7.47648751267447e-34,1.8120773429915e-34)
(-1.81047274165846e-34,6.63245894133096e-34)
(6.81590983038499e-34,8.50907004602568e-35)
(-4.92842689371e-34,5.0861043055217e-34)
(5.57464300638837e-34,-4.84191027288931e-34)
(-3.9738017497561e-34,5.48378818687532e-34)
(2.97840238156158e-34,5.98550365687781e-34)
(6.60555319827942e-34,-1.03967244513413e-34)
(-6.81304185249908e-34,-1.72803362482048e-34)
(-6.19861208231504e-34,-2.90124122537885e-34)
(3.60007614172429e-34,-5.19308295040339e-34)
(5.27576074694005e-34,-3.54152659187923e-34)
(-6.08054264966965e-34,2.54121759788381e-34)
(8.83744833058286e-35,-6.60834159320553e-34)
(5.11860330275186e-34,2.85626452442977e-34)
(-2.61937089887718e-34,-5.72786296766168e-34)
(-8.97910162476125e-35,-6.30600320422232e-34)
(-5.99544531800305e-34,3.50345365625663e-35)
(4.40001755655759e-34,-3.8921291127816e-34)
(5.22510135359494e-34,1.8753403012226e-34)
(-3.04923440232802e-34,-5.00096451725416e-34)
(1.66813960583813e-36,5.2981298500415e-34)
(1.7293359502267e-34,4.96394140870628e-34)
(-4.84917640759409e-34,-2.28072578024165e-34)
(-5.43213556346833e-34,-4.28385342521757e-35)
(-4.16202249561388e-34,2.72628135003642e-34)
(-2.20889528731707e-34,4.44791647764874e-34)
(-3.6151320421531e-34,-3.39645741832654e-34)
(1.05815668598486e-34,4.7716373531953e-34)
(-6.76793881625272e-35,4.76492450622194e-34)
(4.9667034604659e-34,4.33918046337951e-35)
(8.29653728944025e-35,-4.79579440022932e-34)
(1.89743903418141e-34,4.22625227248894e-34)
(-3.31839909491468e-34,2.94744909306581e-34)
(-9.64698120820213e-35,-4.6898899816888e-34)
(-1.34910788182219e-34,-4.51318326796204e-34)
(2.47444326103687e-34,-3.94882603967098e-34)
(2.72055025413402e-34,3.57314212064279e-34)
(-2.50109407939803e-34,-3.57764977053757e-34)
(4.3189534028108e-34,-1.13895608016046e-34)
(-2.41254753702542e-34,3.31864889260038e-34)
(-4.62844894551908e-35,-4.29491678183802e-34)
(3.71099500923597e-34,-2.02876506870249e-34)
(3.79331018518414e-34,1.79018266024719e-34)
(-3.82577271654056e-34,1.39157581821642e-34)
(2.76072712018827e-34,-2.96397223361316e-34)
(3.59237028702124e-34,2.0684536221467e-34)
(-3.77118527784092e-34,-1.40952874371055e-34)
(1.35076581151226e-34,-3.79225028593308e-34)
(3.88654313839813e-34,3.20110429996542e-35)
(-3.7660253595763e-34,1.38748566632944e-35)
(-2.5670605121521e-34,-2.74434743306762e-34)
(-3.19387701446021e-34,1.49173531938237e-34)
(3.08493496501623e-34,-2.01859847736496e-34)
(-3.37231819789119e-34,6.0649959407493e-35)
(1.68332164181605e-34,3.23286506227885e-34)
(3.22875609322633e-34,1.08868284402284e-34)
(2.47967242979709e-34,-2.39833923623366e-34)
(-1.67852666180696e-34,-2.99225868727539e-34)
(2.61972268598787e-34,2.21953837730174e-34)
(-1.27233118779085e-35,-3.40092683591087e-34)
(-2.60031823529127e-34,1.57861308487951e-34)
(1.86183939256491e-34,2.55297819055463e-34)
(-3.00872627472646e-34,-2.4443332253746e-35)
(-5.39212709937965e-35,3.09845809015258e-34)
(-2.80805580434586e-34,-1.46560660356093e-34)
(2.27539945159686e-34,2.0018808930932e-34)
(2.97748401408158e-35,3.07600908405051e-34)
(3.02190294067856e-35,-2.95344109857489e-34)
(-7.47910732394047e-35,2.76448830205757e-34)
(1.68972736691251e-34,-2.48888158938654e-34)
(-2.27981063327448e-34,-1.87512622701511e-34)
(1.16647824322268e-34,-2.59339219924394e-34)
(2.78371785736289e-34,-6.38179515656556e-36)
(-1.41995836108067e-34,2.17303121488639e-34)
(4.01253353011988e-35,2.58034691640972e-34)
(8.49513780908934e-35,2.4528081156638e-34)
(-2.06626940607815e-34,-1.41615921778429e-34)
(2.26103086673351e-34,-1.24090090277954e-34)
(2.40134006978309e-34,-6.80259461203372e-35)
(2.44236897045323e-34,9.53857670029318e-36)
(-1.25869863088521e-34,2.05344041250702e-34)
(-2.22491595574937e-34,8.51494634291685e-35)
(-5.70982876975709e-35,2.28378574112138e-34)
(-3.42709797547905e-35,-2.45871328965678e-34)
(-1.80960417761407e-34,1.29080527672187e-34)
(-1.32709604574819e-34,-1.95910206398631e-34)
(4.72644043686558e-35,-2.32933999972425e-34)
(2.11630122079946e-34,8.71884591397318e-35)
(1.09153832741944e-34,1.97251618830777e-34)
(1.5227159641479e-34,-1.63882498033836e-34)
(-2.19528932611277e-34,-3.58890484143015e-35)
(1.80998335470619e-34,-1.26413079107813e-34)
(6.28171572737262e-36,2.02598685194698e-34)
(1.76593978603096e-34,1.01459984165047e-34)
(1.47057336792898e-34,1.3630954873716e-34)
(-1.45892030362051e-34,1.30924058286431e-34)
(1.25059170570866e-34,1.43669028187614e-34)
(-1.51737584017201e-34,-1.44690482678278e-34)
(1.06283391014811e-34,-1.77882457641299e-34)
(2.61971297282435e-35,1.80594288185938e-34)
(-1.80190841573734e-34,-6.37480327520594e-35)
(-1.82058901400975e-34,8.78087094944282e-36)
(1.7838939100737e-34,3.7324827226324e-35)
(5.96139127224951e-35,-1.84189122604762e-34)
(-1.58690947564185e-34,-9.23557958254137e-35)
(-1.22665862641576e-34,-1.31610235902102e-34)
(1.81110028510874e-34,-9.37193504725452e-36)
(-3.83510709638855e-35,-1.85494611479491e-34)
(-1.22859768680535e-34,1.11739026852741e-34)
(1.15369711298981e-34,1.14046756547377e-34)
(-1.59231592111038e-34,3.64933774818945e-35)
(1.64072918135267e-34,2.78733379844051e-35)
(-3.73046113061515e-35,1.55700018491639e-34)
(1.37750254601714e-34,-8.07899385220657e-35)
(-3.9984180309118e-35,-1.57625829385248e-34)
(-7.29654802704066e-35,-1.38690559589068e-34)
(-8.48539137206701e-35,1.13600848593704e-34)
(-3.57693750512526e-35,1.41109333527464e-34)
(3.47407777809722e-35,-1.44252149942453e-34)
(5.35901482704425e-35,-1.3380235855373e-34)
(1.13466041305464e-36,-1.47834481918497e-34)
(-1.30510680472808e-34,-4.44325115713156e-35)
(1.36141896766003e-34,-2.43833769528551e-36)
(5.81273017632118e-35,1.19325712022021e-34)
(1.30262072731232e-34,-2.42335666355236e-35)
(-1.26653891292856e-34,-1.03892925923613e-35)
(8.85053122334517e-35,-9.79130883633914e-35)
(3.12978198424432e-35,-1.2773343074128e-34)
(-1.05304382765317e-34,5.39283954259335e-35)
(1.08039875375085e-34,4.83292869747153e-35)
(-3.7386141804745e-36,1.0877731014753e-34)
(6.67564117931176e-36,-1.12743565105873e-34)
(-5.57810896471486e-35,-9.80238662373911e-35)
(8.35970336474868e-35,-7.29435706815604e-35)
(-4.79474626474155e-35,8.74534571884585e-35)
(7.37444084592222e-35,7.27734496714589e-35)
(-2.05257896475432e-35,-1.03658325684119e-34)
(-8.38923950621755e-35,-6.27631976028484e-35)
(-8.95527045152451e-35,-5.16381113798918e-35)
(9.96274312189681e-35,2.24479611583663e-35)
(-9.41614030610258e-35,2.54381652654275e-35)
(8.5034713174915e-35,4.13640493074314e-35)
(-9.67676239897677e-35,-8.54632615979777e-36)
(8.93470145015689e-35,-3.17934177941992e-35)
(-3.65171858989687e-35,-8.79016944499667e-35)
(8.81510557419571e-35,-2.38840838840557e-35)
(-5.194987688627e-35,6.55459537996073e-35)
(2.64350235115498e-35,7.68613812596674e-35)
(2.82172763675351e-35,-7.50234785213927e-35)
(5.3852499742314e-35,-6.18408308604442e-35)
(-7.73142052235943e-35,1.10370523849008e-35)
(4.18807096586398e-35,5.76350975650105e-35)
(-6.94516196601603e-35,-2.10752865202054e-35)
(2.67489789504567e-36,6.64258053913023e-35)
(2.4043672057836e-35,-6.59984712914904e-35)
(6.92734410752154e-35,-1.07515198569183e-37)
(-5.86502861537707e-35,2.66575067278004e-35)
(5.88325126469812e-35,-2.83869164853314e-35)
(-6.20166590407353e-35,1.27471987534449e-35)
(-5.29857650672811e-35,-3.37529733276232e-35)
(-3.22595034701218e-35,5.02925807835379e-35)
(6.00215444633596e-35,2.53113439255484e-35)
(-4.41464194979663e-35,-4.23991381594348e-35)
(-3.12521722618922e-35,-5.39942861569963e-35)
(3.12040362470502e-35,-5.31435881738461e-35)
(3.94547013927873e-35,4.54835962712621e-35)
(-4.31477990846168e-35,2.92964365240224e-35)
(-3.67241362392966e-36,5.00449310071186e-35)
(2.32815226549017e-35,4.43245741373285e-35)
(4.35208793790646e-35,-2.39532057000392e-35)
(-2.61825362374766e-35,-4.08091098181995e-35)
(4.78433719647767e-35,-7.82617796488883e-36)
(4.49776447279809e-35,1.94210247373295e-35)
(1.08998414220464e-35,-4.49956525411362e-35)
(1.03813312296153e-35,4.28012232246403e-35)
(-4.54480593021268e-36,-4.71477496628745e-35)
(3.75243735856173e-35,1.98840950342708e-35)
(-4.41960759886925e-35,-1.91725592609114e-36)
(-4.19428988807004e-35,1.14217956077173e-35)
(-2.43422204611096e-35,3.12309616726103e-35)
(3.68262340572103e-35,-3.06931470585898e-36)
(-3.77456186585368e-35,-6.76362707470153e-36)
(2.91653311325069e-35,2.00505983424411e-35)
(-2.93576492369454e-35,-2.02147243140728e-35)
(-9.84354476274713e-36,-3.31456880752536e-35)
(3.0500795241774e-35,-1.19331623349507e-35)
(-1.22133933596158e-35,3.22459328014728e-35)
(-2.24376414271308e-35,2.23567182500231e-35)
(-3.07856819982579e-36,3.09395676020067e-35)
(9.9349434122807e-36,2.88542269799604e-35)
(1.95013536762028e-36,-2.99629661357236e-35)
(1.99280173459436e-35,1.91998913980677e-35)
(-2.9447505513516e-35,6.39734775480578e-36)
(-1.34206217494041e-35,2.41799839534683e-35)
(2.05002309191611e-35,-1.23792603549138e-35)
(2.38696726317492e-35,3.36859885280731e-36)
(-1.55210102713453e-35,-1.92886966457786e-35)
(-2.08133810828303e-35,-1.31170688282143e-35)
(3.78748037867016e-36,-2.26261252391626e-35)
(1.82117654327542e-35,1.09783413378582e-35)
(1.38028535627661e-35,-1.44486445876859e-35)
(-3.95828956241717e-36,2.04343991008792e-35)
(-2.15582232770744e-35,1.84933611329114e-36)
(1.90437254100406e-35,-3.21738033604188e-36)
(-1.74921528238212e-35,1.14971557771693e-35)
(5.78973658988579e-36,1.8334918550788e-35)
(-5.12318232975821e-36,-1.7994728237153e-35)
(-4.9637435072281e-37,-1.88208852175018e-35)
(-1.45792699654091e-35,1.19140654472093e-35)
(8.57881338424177e-36,1.54204102248808e-35)
(9.88062904610579e-36,1.1048904402769e-35)
(-1.42266164075515e-35,-5.25713165242702e-36)
(5.67238535350966e-36,-1.15741265762857e-35)
(-1.29380197524944e-35,2.76470789900597e-36)
(1.31275368244003e-36,1.18565206391158e-35)
(1.0174056418397e-35,-4.53051145051383e-36)
(-1.15904087533256e-35,4.40571500017692e-36)
(-1.14084598313696e-35,-2.43806478817751e-36)
(-5.11234086203072e-36,9.13297137553902e-36)
(5.65268325500643e-36,-6.77651930241466e-36)
(-5.82923642550554e-36,-5.01160115261112e-36)
(7.05492921811011e-36,2.21500453057833e-36)
(1.16903742396859e-36,7.39841192459605e-36)
(-4.93583147074329e-36,-4.51980537055397e-36)
(3.72796179505066e-36,5.09991540668248e-36)
(-3.76020795147362e-36,4.24509603408249e-36)
(3.74256746189551e-36,-4.35278310502712e-36)
(-5.19058769145723e-36,-1.70159566740854e-36)
(4.24534407819883e-36,-1.81116091667503e-36)
(2.25881961328556e-36,3.07583270346398e-36)
(4.18603130061194e-36,3.57115995129635e-37)
(9.97745674917573e-37,-4.17768493878871e-36)
(-2.11131213031098e-36,2.79160885021309e-36)
(-1.76223343739162e-36,-2.14895104978158e-36)
(2.08931645641638e-36,8.53768312655883e-37)
(-1.69469749441635e-36,5.17869739377172e-37)
(1.8212316974007e-37,1.37676279752946e-36)
(8.17750405927294e-37,-1.69768566677985e-36)
(-1.68363453349003e-37,-1.69710693165048e-36)
(-1.31050835665551e-36,-5.0196753098894e-37)
(-3.61480360357528e-37,-5.34807645943614e-37)
(-5.53412140178866e-37,-8.98597892700055e-38)
(2.35549743540433e-37,-3.84238100573864e-37)
(1.86040785685431e-37,1.23161726893962e-37)
(-6.16845000834893e-38,3.46168341671165e-37)
(4.10543789571459e-38,-4.59941419965993e-38)
