(-0.657110000708278,-0.330024430593935)
(-0.683148548105752,-0.0714028563074812)
(-0.679800073052816,-0.0704361654099472)
(-0.325692361391359,0.534145065500229)
(0.0803313889573094,0.600698142461261)
(0.500912191835981,0.334618291400513)
(0.395587302304334,0.397646537182819)
(0.533576820920361,0.132930870171237)
(0.521628055163035,-0.0596404374401606)
(0.299042053042031,0.447790205996667)
(0.273765479711998,0.450419598313601)
(-0.109211303939127,0.499825313045557)
(0.468302817436966,-0.218247584047459)
(0.503576975386533,0.100306137007958)
(0.411676804070306,-0.284911554797957)
(-0.0962104451421941,0.471835388284122)
(-0.381023234503101,-0.266711796791247)
(0.268686377507185,-0.378480075425227)
(-0.0303084086322609,-0.45195449449874)
(0.12259585478133,-0.436800133550038)
(0.299211363918449,-0.335416483468438)
(-0.277674984017929,0.357817158572202)
(-0.276840579743695,0.350647783074358)
(0.307340915588865,0.293333628102334)
(0.411785881677548,-0.104918014828392)
(0.387540046851336,-0.0658903870052981)
(-0.126702038400856,-0.366260174676128)
(0.287979186956885,-0.240567106896564)
(0.00362376193373034,0.369007372553513)
(-0.127739666048786,-0.342876201115407)
(-0.357635386541939,-0.068191062128463)
(-0.226304614625278,0.280434130159207)
(0.0888300510985512,0.343176153859347)
(0.101963062816885,-0.346058061524362)
(0.0309722669152383,-0.355342169195996)
(-0.343319599477649,0.0855106626801947)
(-0.334762018851554,0.108295710711954)
(-0.317727732389554,-0.129614509927014)
(0.293247195356783,0.169765206550205)
(-0.281893673762176,-0.181391087142058)
(0.0484339976637429,-0.333984481169976)
(-0.200636281017748,-0.260300755937198)
(0.132951261060433,-0.306710315320976)
(-0.205812959004166,0.2565493149863)
(-0.308290527606991,-0.0947395819765175)
(-0.0119299001738687,-0.327116293474592)
(0.215269364975483,0.239191244516314)
(-0.112421993553021,0.300564897389786)
(-0.279739056190123,-0.13122462713689)
(-0.0197552149212963,-0.310081164055372)
(0.298460559221622,0.0642517651979068)
(0.299902189175936,-0.0348828635501066)
(0.22889740983319,-0.197694575012661)
(0.300235402956749,0.0392989328121466)
(-0.283670671726795,0.0742982722077217)
(-0.0667087681951431,0.277083493254275)
(-0.283371800128215,0.0176439591393117)
(0.133685358867185,-0.249115406904324)
(0.218479400136503,-0.181264842355262)
(0.27439695792581,0.0382904636184993)
(-0.0695535739295376,-0.25735944984554)
(-0.16003846113636,-0.209972257421149)
(0.0536955935631755,-0.258480980022655)
(-0.189436260474785,-0.168549570345155)
(0.252401127466527,-0.0399067497133141)
(-0.0097718196258496,0.244487540541442)
(-0.0152355175292016,-0.244566855735201)
(-0.176241965620287,0.166536831479347)
(0.245169298779793,-0.00417044866784535)
(-0.221934597747918,-0.100197582334809)
(0.0718596769244037,0.229668206945021)
(-0.173752381007834,0.158778465183364)
(-0.23044938730924,0.00154619110212187)
(0.0962939758820518,-0.209417530556568)
(-0.00330323158508512,-0.227549163557589)
(0.126397619556808,-0.181586986939225)
(0.148748598146852,-0.153748444103538)
(-0.216610195495747,-0.00676271718893406)
(-0.179004133908879,-0.119787445319162)
(0.17249937169801,0.118377119038232)
(-0.184049535469358,0.0748354349668753)
(-0.102403820975806,0.152865866670809)
(0.1846759047422,-0.00013636731897648)
(0.164503983156585,0.080890890606088)
(0.00219403328393504,0.178212635825275)
(0.159357426999417,-0.0684953069611742)
(-0.158506329870954,-0.0755379815266527)
(-0.156907888357012,-0.0776436548034082)
(0.144374549498011,-0.0892802113464244)
(0.15772528096157,0.0548380747273186)
(0.123107820421756,0.108685078694782)
(0.0458834063807166,0.159436245629161)
(0.0697630037809694,0.149300508628989)
(0.161828645707489,-0.0247430390946033)
(0.101097861623675,-0.127031001269336)
(-0.075969156165278,0.139535552329627)
(-0.16100532167282,-0.0202495942302312)
(-0.161259908957404,-0.0117679859780234)
(-0.162220283915471,-0.0126983106123031)
(-0.159428562666506,-0.00953524905359567)
(-0.103184699214036,0.11290647152253)
(-0.147995325754981,-0.0241912988698571)
(0.021389366496526,0.143869623366981)
(-0.0798351849040374,0.126861464268513)
(-0.0731971493063548,0.129340296836604)
(-0.0739018262350169,0.124912542935825)
(-0.135076955517948,0.0421881796478103)
(0.015872741976817,0.141728094959029)
(0.122946419893461,0.0786946510125083)
(0.0771092506826158,0.117464698186887)
(0.121037420313912,0.0766632541761787)
(-0.107074674434631,0.0867841127026797)
(-0.0260840636011326,0.137921571354208)
(0.114179299005223,0.0810748613920813)
(0.097756648786129,0.0970055801712644)
(-0.127739891980921,0.0201704798749096)
(-0.103145356447873,-0.0738715196925626)
(0.0950613866358674,0.0921681260073887)
(0.0685627406711214,0.110134575192401)
(0.0741068406279967,0.108743660373442)
(0.0447930452365381,0.119051032800903)
(0.128988759439082,0.0315502905305955)
(-0.111948962620574,0.0584900922930433)
(0.109614258709132,0.0682346557346021)
(-0.104615141441821,0.071596489311203)
(-0.0551628930538491,0.117437371599529)
(0.0709719817231223,0.104234103782714)
(0.0727392094837778,0.102246607758221)
(0.124595802899476,0.0266375288962263)
(0.125845696569077,-0.0143170115665377)
(0.115755504012508,0.042560168050693)
(0.121274446153703,0.0297072761350005)
(0.123233539910087,0.0228318463053379)
(-0.0238523353579945,0.121067081600368)
(0.113162865281502,-0.052991565370046)
(-0.0289080943683805,0.117189296241697)
(0.122854839343809,-0.0082038916925309)
(-0.0930588851436655,-0.0686023522115707)
(0.0976719225980517,-0.072783719077145)
(0.0116629184001354,0.116442436525344)
(-0.0362099558092213,0.114388967500827)
(-0.0940064519591476,-0.0634792620655951)
(-0.0117040488245032,-0.114865644960766)
(-0.0111984254550953,0.116156193247332)
(0.0989444898437162,-0.0680677101523025)
(-0.0185435223072601,0.112687122792893)
(-0.093134835178487,-0.0571448212173022)
(0.108894823916912,0.0312487660039488)
(0.0961539601807535,-0.0664767619311319)
(0.101082965100105,-0.0573371807624201)
(0.113138143066511,-0.00689551931426807)
(0.0650613273559095,-0.0903700323869474)
(0.0708582463771197,-0.0872685893752692)
(-0.00671539863822943,-0.109322774661389)
(0.100767226282065,-0.0489913212653154)
(-0.102653147962914,-0.0261021082507721)
(-0.0656872295739118,0.088050157029721)
(-0.101868621341791,0.0373092866680008)
(0.0679565809207031,-0.0857475820343605)
(0.0306098547903838,-0.102839359619002)
(-0.00105084061113422,-0.106556099729881)
(-0.0644839577072532,0.0853047991178906)
(-0.101774855325834,0.0174589654991038)
(0.104448757013143,-0.0287570535478505)
(0.0817364775927944,0.0670421113867689)
(-0.0669754706432536,0.0818623458193655)
(0.0267219939982649,-0.100489244710591)
(0.0734869925261631,-0.0741837469727042)
(-0.0946459652512851,0.0399094674668796)
(-0.0596177244078649,0.0862306385061185)
(-0.0621236150521546,-0.0743815689738678)
(0.00459253912494863,-0.0977992409042999)
(-0.0123303915456648,-0.0951518573120079)
(0.0439285672180383,0.0879002737106258)
(-0.0320616965862202,-0.0908327795680506)
(-0.0162127659391687,0.0940479354855195)
(0.0107102511153104,-0.0909385024931138)
(0.0698238250093809,0.0626119476312595)
(-0.0347683312243982,0.0881523301960094)
(-0.0322297934142568,-0.0842258596355898)
(0.0256280614668616,-0.0881093651799044)
(0.0926182472968969,-0.017301408790284)
(0.0686558982451754,-0.0622190977275289)
(-0.0316008888108192,-0.0841036222186571)
(-0.0787519469469238,-0.0387701603251646)
(-0.0847980268790485,0.0254890652883827)
(0.0866925902644802,-0.0186138928785435)
(0.0854565477415032,0.0295018363753665)
(0.0685209303174852,-0.0569364283819777)
(0.00922625975499524,0.0890032837150558)
(0.0803191461069316,-0.0245829291256429)
(0.00196820989086007,0.0835107979523066)
(0.077334917888346,0.0344688052406969)
(0.0672171078866327,0.0531168301718903)
(0.0812647969391874,-0.00916597812406343)
(0.0345146126364247,-0.0769522261481849)
(0.0263137820030425,0.0779387005580441)
(-0.0514019346738528,0.0665229077023426)
(-0.0302883024550992,0.0759235394421702)
(0.0495105443099234,0.0668595305427807)
(-0.0842143921422633,0.0264564364508803)
(-0.071855958469963,0.0441278685495041)
(-0.0490803543744718,0.0671056492524042)
(0.0221549978074655,-0.0786685431093501)
(0.019685764191578,0.0766868355216305)
(-0.0323148427434051,-0.0779507447600963)
(-0.0501561102384956,0.06496196373966)
(-0.00114405239070413,-0.0842222051489718)
(0.067098030756363,0.0424711452511334)
(0.0564167605897663,0.0575222054952338)
(0.0774545907736223,0.0145030692808001)
(0.010434194986497,-0.0800810751237859)
(0.0133182662338039,0.0739991782400937)
(0.0669622936541452,0.0397839656465377)
(-0.0292981122093988,0.0701924716248797)
(-0.0859315487887493,-0.0118768776756168)
(-0.0796690558220342,0.0183983787604509)
(0.0545979891119813,0.0541902922823519)
(0.029427693912369,-0.07035348280139)
(-0.081311874131523,0.00656381141447112)
(-0.0816181867960385,-0.000272181268170706)
(0.0481241676746364,0.0580673854580546)
(-0.0821553474592477,-0.026824450989431)
(-0.0738173675671359,0.0263606031797901)
(-0.0705912549929184,-0.0432145839502503)
(-0.0472525762157994,0.0569410274914547)
(-0.00617505694701965,0.0700801669206981)
(-0.0489122648940001,-0.0613954382225537)
(-0.07970847199231,-0.0297128523267262)
(0.0565923716100874,0.0468746950221201)
(-0.080302895407009,-0.0238109899477428)
(0.0557108869715064,-0.0488546514482538)
(-0.04956037897965,0.051789048970549)
(-0.0485540475554811,-0.057294262075365)
(-0.0702558487501529,-0.0374811504918437)
(0.0413665780321108,0.0582382144986959)
(-0.0127829201969203,-0.0750528736339888)
(0.0514652407142352,0.0499151662188039)
(-0.0766203965312077,-0.0255272830523983)
(-0.0413909699206328,-0.0605494930959879)
(-0.0528458982031197,0.0473007205141204)
(0.0458862898121049,-0.0538652434269567)
(-0.0778931561176617,-0.0191335712101465)
(-0.0616713426830276,-0.0410316968167067)
(0.0711179032350966,0.0128787780682639)
(-0.0731061701378487,-0.027133525539669)
(0.0529402194175401,-0.0467131617422354)
(0.07004535784232,0.00819758678774432)
(-0.0659869176999824,-0.0361516672423094)
(-0.00396124744596559,-0.072652074462625)
(-0.0708452200946268,0.015726937894274)
(-0.0736112932327157,-0.0157413420980076)
(0.0515785230428503,-0.0462652395685794)
(-0.0730828644243871,-0.00994119929475745)
(-0.00467907004081942,-0.0712538504391851)
(-0.00618938388485325,-0.0717508409518321)
(0.0685867335441876,0.0153078547634429)
(-0.0660013245850899,-0.0328523880897969)
(-0.00667933607776241,-0.0707720394521757)
(-0.0672915274123449,0.0203074069272198)
(0.00473714199248056,-0.0686708891415088)
(-0.0651865659351311,-0.0288329601249012)
(-0.0690254308967538,-0.00935492926632356)
(-0.066474172898145,-0.0215160420833104)
(-0.0653381267060671,-0.0231774109931403)
(-0.0230822459106899,0.0651199365459493)
(-0.00949687891454129,0.0672588988188733)
(-0.0638850017854978,0.0202634740744815)
(-0.00565061884883757,0.0670254132222709)
(-0.0669625702143398,0.00664360460159255)
(0.0441912763948348,0.0517489133103075)
(-0.040824717929379,0.0521982660134645)
(-0.00366382530330173,0.0657988429629172)
(0.00542108619064125,0.0647839738934047)
(-0.0253103240158362,0.0594915423559426)
(0.0634655712009179,0.021694156805806)
(0.067365017041112,0.0135553264052909)
(-0.0486353121816148,-0.0467628635853056)
(0.0693081709708873,0.00754307876656444)
(0.0684598063055583,-0.00909089566122811)
(-0.0407316167747691,-0.0517696497484391)
(0.0662792538581318,0.0105068088987862)
(0.0648236962507056,0.00900794723386988)
(0.0118723510844431,-0.0653204436383426)
(0.0416269878090422,-0.0501807605763988)
(0.0642368117858463,-0.0108968889864159)
(0.0487711517112173,-0.0424027197668066)
(0.0330202239438922,-0.0555095952369129)
(0.0538130839786508,0.0308574764911009)
(0.064824543449714,-0.00191803177712182)
(0.0293151988116605,-0.0572787250630446)
(0.0244292993273871,-0.0593581837423338)
(0.0605655375331242,-0.020235773322488)
(0.0529685429519743,-0.0344540516603965)
(-0.0473373427286319,-0.0434609064771722)
(-0.0603610770907629,-0.0209893789078751)
(-0.0181381417826844,-0.0596670513756187)
(-0.00981040439003875,-0.0625312824984889)
(0.0544085087022453,-0.0266011964786415)
(0.0167446538255677,0.0556152498870679)
(0.0613635317993265,-0.00344815706278283)
(-0.00878477037155144,0.0578299428513258)
(-0.0323722527240354,0.050976418355366)
(-0.0520784995795725,-0.0307289758141316)
(-0.0169330655213934,-0.0579322650491567)
(-0.00440743927280609,-0.0611770725031443)
(-0.0356712535773739,-0.0464314650520198)
(-0.057502390580574,0.00758189708102182)
(-0.042498926622981,-0.037371435342992)
(0.058529673721299,-0.00948500784541137)
(-0.0323031148257748,0.0472945409514731)
(0.0106508143362522,-0.0573180561956945)
(0.0217585006910106,-0.0533245962301357)
(0.0448458461219235,-0.0345372989591155)
(-0.0407928222810698,0.0374335802280553)
(-0.000156432486710672,-0.0567660804577777)
(-0.0326291713409655,-0.0454838875512781)
(-0.00590727340021712,-0.0561641171253055)
(0.0306368640655052,-0.0464700668527816)
(-0.0167537738872773,-0.0506155172670581)
(0.0366721526914407,-0.03938231864885)
(-0.0505814853356793,-0.021668397773168)
(-0.000913014117554224,-0.0539423642707746)
(0.0558255596574012,-0.00194744413786403)
(-0.00597802887786657,0.0538086729205036)
(-0.038563920757404,-0.0355129812522351)
(-0.00105132322926585,0.0540569947243248)
(0.0217362970918741,-0.0482457480119586)
(-0.0491712203414709,-0.0202038400316443)
(-0.0516392341588454,-0.0111419155473451)
(-0.0385864801385777,0.0351980140264609)
(-0.0532037991776167,0.000139836223925242)
(-0.0529345740176797,0.00209533797458251)
(0.02906618646484,-0.0428974011161192)
(-0.00219965450950727,-0.0519367502722656)
(-0.0469398658098784,0.0208253968300531)
(-0.0517738604074119,-0.000806508533526572)
(-0.0426953099001251,0.0270589592214966)
(0.0158513551432508,0.050478610400356)
(0.0157015309673359,-0.0479992226927443)
(0.0452150443882654,-0.0211616108862221)
(-0.0491703080414328,0.00469977519897961)
(-0.0436496105399446,-0.0230701350401755)
(0.0329130057056992,-0.0362625227409588)
(0.0142356736387129,0.0492047387184735)
(0.0403562547430957,-0.027413416412926)
(-0.0388507301781441,-0.028592158930699)
(-0.0412077029366733,-0.0261624570408827)
(0.0381948684008516,0.0339582087187707)
(0.0123053861485604,0.0478627208045649)
(-0.0243069825088413,-0.0391106703168955)
(0.000696058832501537,-0.046634502177183)
(0.0477759623816823,0.0172309662902868)
(0.0060244121273782,0.0477389527693481)
(0.020952756029077,0.0436198814838706)
(-0.0342753353952815,-0.0309494582374086)
(-0.0169738991447927,0.0450453590421117)
(0.0363561855046026,-0.0285456957392375)
(0.0418564251623478,0.0257510092285517)
(0.0474666636941769,0.0116988014129574)
(0.0481511446016168,0.00730538624529527)
(0.0154047719255955,-0.0422058405199625)
(0.0197369146377605,-0.040105210542107)
(-0.0180208550515654,0.0437935677420546)
(-0.0321214314997075,0.0327586877325434)
(0.038532861805181,0.0265730695786505)
(-0.00274901125833368,-0.0434340989047895)
(0.0426509150177782,0.0199495135888163)
(-0.0411465257200255,0.0169764014341761)
(0.0390255312519555,-0.019416191798063)
(0.045462305223957,-0.000506373865552205)
(-0.0389400112179531,0.0193777994435692)
(0.0232757009437892,0.0379151622108939)
(0.0442190151319842,0.00456211421065352)
(0.0374332186713159,0.0251097508154116)
(0.0433959893669214,-0.00362234442613491)
(-0.0435633975359724,-0.000868187743707424)
(-0.010780204084591,0.0413892245124511)
(0.0283238170789308,0.0323731124362574)
(-0.0201227613188115,0.037609688110651)
(0.0421782308764233,0.0114366566946488)
(-0.0414922597907668,-0.0138613961666625)
(0.0179563899145018,0.0383609760436581)
(-0.00364521727870615,0.041965869051031)
(0.0324629693323243,0.0274289614201645)
(-0.0229627724816655,0.0348815836310474)
(-0.0403028189604351,-0.012638191780782)
(0.0425652238574383,-0.000239451343852432)
(0.0382251581141102,0.0188093926665723)
(0.0134801862759501,-0.0391318155947777)
(-0.035100064224176,0.0208055644905425)
(-0.0389803747298119,-0.0148489323565794)
(-0.0255861509554079,-0.0318944405943078)
(-0.00772949037569338,-0.040338637905741)
(-0.0350478884934203,-0.0183333264643085)
(0.00698961138894294,-0.0396854729197172)
(-0.00105050159713205,0.0403057289945756)
(-0.0389629655403769,-0.00415848932375057)
(-0.0125457576163971,0.0383458579105057)
(-0.0062674269206571,-0.0378291152441705)
(-0.0203828978009709,-0.0312358021318475)
(-0.0303189793711719,-0.0216654593391212)
(0.0045701220302351,0.0374435106122579)
(0.0410337050294027,0.00500039162364132)
(-0.037205729261952,-0.00316036067034442)
(0.0347187273413015,-0.0214559278574832)
(0.0203280126049994,0.0317405255221621)
(-0.0248541800885923,0.0308733804908658)
(0.0164215663805602,0.033807266524225)
(0.00978085321555909,0.0354921024949212)
(0.0356787180422803,-0.018686194055374)
(0.027719194286832,0.0255733494682694)
(-0.0290508493616562,0.024672189083785)
(-0.0275622354763231,0.0264493958023997)
(-0.00633947171031965,0.0360347663783703)
(0.0396597137294487,-0.00543492106674717)
(0.0399278913400521,-0.00248753670770171)
(0.0151143107030474,0.0324644963072662)
(-0.0251013210438919,0.0284578430934108)
(0.0325255482672271,-0.0209128295150386)
(-0.0347761950217967,-0.00783861444596425)
(0.0285296893653422,-0.02482823000222)
(0.0390325623497005,-0.00215335652900492)
(0.035557110938443,0.0121754899943339)
(-0.0256646643989802,0.0269047354717444)
(-0.0108847140593278,0.0346010167635673)
(0.0351440408525307,-0.0146345349460931)
(0.0317570526929768,0.0191631058580895)
(-0.0278593172229074,-0.020579939284989)
(-0.0172987115321921,0.0323848869499955)
(0.0221437686876603,-0.0297096747116699)
(-0.0341645594725233,0.00410488721527381)
(0.0367861515073857,-0.0064469180232558)
(0.0307035401819654,0.0172210681746166)
(0.0363949393778772,-0.00689112293522774)
(0.0274398850206867,0.0212339720477402)
(-0.03038404841982,0.0168665695954258)
(-0.012875261136309,-0.0313487366578168)
(-0.0277938990805167,0.0211010531888678)
(0.00796412915530594,-0.0341217990468149)
(0.0354277307984433,0.000124043204893491)
(0.0323059420124439,-0.0127444604923752)
(0.00877527200069844,-0.0328264568404743)
(0.000950193274884197,-0.0341083355167025)
(-0.000320890846512679,-0.0341303965068083)
(0.0258687695344203,-0.0219821835965756)
(-0.0228593146628185,0.0258249613657546)
(0.0119214435837003,-0.0313971205478522)
(0.016014426556036,-0.0295069310306665)
(-0.0125918713244386,0.0310597322157055)
(-0.0308592523257624,0.00990970996353639)
(-0.015316142230174,0.0292756059677999)
(0.0329201548955281,0.00501026625304024)
(-0.0180249306810028,0.0275221625580127)
(-0.00470416611484238,-0.0313372575789305)
(0.0317317240084768,-0.00698112706798012)
(0.0179553547060306,-0.0241485530578094)
(-0.0131174831266261,-0.0271583319675197)
(0.0203460577530139,-0.0222204200553888)
(0.0156512391653429,-0.0256974127084597)
(0.0261686490694844,-0.0153935107612697)
(0.0208873549099916,-0.0200967817182858)
(-0.024796371828088,-0.0180902264628838)
(-0.0302636235811216,-0.0106702622290987)
(0.0278949260408184,0.0176123299166804)
(0.000372931866594917,-0.027097944152331)
(0.0094132969151284,-0.0252822538414999)
(0.00456354382511995,-0.026404510972136)
(0.0034960341404538,0.0311931232265764)
(-0.0316191141619488,-0.00549625049520274)
(-0.0051442493867045,0.0310784857670677)
(-0.0237658292922071,-0.0173406884475386)
(-0.0291532803005025,-0.0103889392163045)
(0.0204172029852386,0.0231864039467326)
(0.00504496546879236,0.0300632012635227)
(0.0164361006155996,0.0258376314381643)
(0.0220422473077168,-0.016130524071733)
(-0.0236410970932209,-0.0158759998404661)
(-0.0181001251339751,0.0248588356512648)
(0.0111165473528923,0.0272586009276531)
(0.0095585871385735,0.0278066636300569)
(0.0290162401358003,0.00861575356509935)
(-0.0303875075607738,-0.00184488435672059)
(-0.0224905819105766,-0.0159533280783548)
(-0.026461430866293,-0.00912424888441884)
(0.00183647228392273,0.0281359702602969)
(-0.0273152773710207,-0.00743224664582846)
(-0.0275927526638562,0.0127891803470637)
(-0.0231824920000522,0.0186449116901261)
(-0.0291792290358673,-0.000876399459780527)
(0.0187546028172742,0.0211322101077454)
(-0.0279551378189332,-0.00467223409948718)
(-0.0122333472948206,0.0258329815384539)
(-0.0289734131089248,0.00438180902192047)
(-0.00625217412418745,0.0273626611869893)
(0.0275781319218723,0.0103024889158948)
(0.0143320011279639,0.0239187051388951)
(-0.0269113660265234,0.0116199203693824)
(0.0248173609520724,0.0144970359475779)
(-0.0254891898831579,0.0133882618361641)
(0.0274857554196897,0.00771859385454706)
(0.0274163495544783,0.00018984124116335)
(-0.0232203513838391,0.0162783831457585)
(0.0252584812224668,0.0128286873647293)
(0.0225241051339464,0.0161623191937525)
(-0.00828169919258944,0.0263711183483658)
(-0.0259509665469624,0.0110965057486671)
(-0.0159341568704116,-0.020831432751854)
(0.0203758624249262,0.0177306695383417)
(-0.0266912337129575,0.00676724144408922)
(-0.0271788048605683,0.00312492532577239)
(-0.0172146856866206,0.0206740700701824)
(0.024995357698983,0.0108512966722116)
(0.0253175945762512,0.00890988201741446)
(-0.0268765859166485,0.00461919639200324)
(-0.0108526009155546,0.0240793947366527)
(0.00703773706554585,0.0255045571231261)
(-0.0207873543994054,-0.0151979312341391)
(-0.0157920683891827,0.0201792941968241)
(0.0044252096802668,0.0259913710020057)
(-0.023531830637716,0.0106768715912371)
(0.00294993690447354,0.0256482729753748)
(0.0166007496295115,0.0203561947200019)
(-0.0109364105866402,-0.0224026994660475)
(0.023411041576702,-0.0126962070506269)
(0.0171349046673775,0.019310877059714)
(-0.0241873889269416,-0.00798852338052359)
(-0.00582883798858614,0.0250447631965472)
(0.0174507903029575,-0.0183734034716686)
(0.0172518530736084,0.0186401628397097)
(0.0153717787489907,0.0200167362826575)
(-0.00445617951264544,-0.0250628555044214)
(-0.0015505810793037,-0.0255178835894437)
(0.0230466994871596,-0.0106380259600821)
(0.0264321073153742,0.00297129901971055)
(0.0199375890535555,0.0145439806373431)
(0.0198301793700742,-0.0143477074766671)
(-0.00519650006422242,0.0239886696819146)
(0.00549778846603144,-0.0229210176343767)
(0.001367057209648,-0.0240820723911706)
(-0.0242428447344099,-0.00214787190462756)
(0.0112961483814965,-0.0200239466989229)
(-0.00457664780173542,-0.0236152024665857)
(0.0148670835400564,-0.0173636610776089)
(-0.0236621289149289,0.0059247359254018)
(0.025042524385264,0.000317015200374696)
(-0.00272768510688223,-0.0229499959103286)
(0.024657591781699,0.0027023088641947)
(-0.00429883444857271,-0.0226378559829228)
(-0.000819010338524548,-0.0234182080660499)
(0.0242505727481387,-0.000896518326191316)
(0.0241725744711497,0.00391974408020526)
(0.0232026901464799,-0.00508960561878086)
(-0.0233893770327143,0.00542599407860171)
(-0.00300095733238995,0.0234474703854598)
(-0.0228902782186736,-0.00531466151304057)
(-0.00459357081465794,0.0228749988632355)
(0.0184925976415314,-0.0130327270409409)
(-0.022740201239673,0.00582121038734943)
(-0.0218017408546875,-0.00697066950783655)
(-0.000411277662453396,0.0232914897800336)
(0.0228845478975039,0.00623241427886091)
(-0.000161031178463769,-0.0227720701886425)
(0.0235876853694925,0.000310059442139468)
(-0.0223220066836751,-0.0042747640993415)
(0.0221472898788052,-0.00465368175319367)
(0.0089854266104895,-0.0202036406181335)
(-0.02120947287338,0.00934484169458783)
(0.0104845705300949,-0.0191766528012595)
(-0.0215917266118888,0.00717272819050965)
(-0.0206897417961431,0.0086859674115034)
(-0.0222725940576336,0.00393362356241216)
(0.0143034593509407,0.0174016825097574)
(0.0159925799391605,-0.0155601523718884)
(0.0109158534561173,0.0192369580812077)
(-0.0220563480426717,0.00190493244399432)
(-0.0185226140605101,-0.0119240206954958)
(-0.0144865040066658,-0.0161360724564037)
(0.0174441151722918,0.0134197959252192)
(-0.00375898438936682,0.0211906220529766)
(-0.0166361629045781,-0.0133226975451517)
(0.00499244830209514,0.0198924888051891)
(0.0216924841629767,0.00569366943935967)
(-0.0133513255348843,0.0157119218345393)
(0.0131525469718468,0.0165121999039224)
(0.018538428718037,0.0112499543171809)
(0.0152845971098789,-0.0146687562942284)
(-0.0107386550005196,0.0174467109791419)
(-0.00905124009712815,0.0182720102877497)
(-0.0109134945545538,0.0173410253631985)
(-0.0197043631951784,-0.0082278867635355)
(-0.00406069320759918,-0.0205711529328912)
(0.0201503818831953,0.00783277397084055)
(0.0135063384028757,0.0153231765147981)
(0.0187088124144808,0.0104575087026477)
(-0.00750966806911282,0.0186604141904883)
(0.0166366476524604,-0.0128724863464748)
(-0.0143824873426787,0.0137258863555382)
(0.0213356000378251,0.00135865158502507)
(0.0208483502380674,-0.00395678682209328)
(-0.00109796312820055,0.0200431438580786)
(0.0197468142121547,0.0070811519073313)
(-0.00668526719141513,-0.0190351929026969)
(-0.0182831573484884,-0.00915641393077501)
(-0.0197037967148134,-0.00570786580200987)
(0.00256305696734053,-0.0192144648944989)
(0.0190508248998824,-0.00679547864959473)
(-0.0113248867389891,-0.0160357581286956)
(-0.0195293240990522,-0.00430713640596992)
(-0.0024237040902602,-0.0192297232881856)
(0.0165171287368076,-0.0108248485177166)
(-0.00170172781475043,-0.0193622401156104)
(-0.0124624498076538,-0.0146587508566005)
(-0.014356368147101,-0.01291368195361)
(-0.0194264527558936,0.00336384619751245)
(-0.019144997150273,-0.00523766993022626)
(-0.00260630942827837,0.0193984049224594)
(0.0163189449275098,-0.0105794789511996)
(0.0197469736320549,-0.000916559972693472)
(0.0198081077750025,0.00239039468551072)
(-0.0163311092732384,0.0104458174179625)
(0.0193854005967515,-0.00151083498225823)
(-0.00615312116597819,0.0172557404033982)
(0.00303339861565033,0.0179283248500229)
(0.00925052282229771,0.0163612608724167)
(-0.015269697224014,0.0101352104981339)
(0.0188985380295776,-0.00379101487350487)
(-0.0191532621365893,0.00202398555832231)
(0.0118260305796195,0.0150187612775588)
(-0.0134322682891717,0.0119311382406928)
(0.0109042363383036,0.0153952800651185)
(-0.00918560778658099,0.0153877257314805)
(0.00966767709991313,-0.0163163866891254)
(0.0174630697434731,-0.00509209457606933)
(0.0131709238934553,-0.0123657260247685)
(0.0178577887645019,-0.00356660850853807)
(-0.00773853736923334,0.0158220410016121)
(-0.016352069251918,0.0065104680476987)
(-0.0173664108453974,0.00424473597381157)
(-0.00697313299059055,-0.0171985519946335)
(0.00378480597148233,-0.0182190092399698)
(0.0176492318233208,0.00676410288664204)
(-0.0180790473579825,0.000162537738336967)
(-0.0163772789062072,-0.00850367482521687)
(-0.0119938026601239,-0.0129795212200284)
(-0.0180194383156057,-0.000738545500327129)
(-0.0172845418055957,-0.00672118159046107)
(-0.00340888551928765,-0.0184856994818793)
(0.0151165714015,0.0112976764881377)
(0.000357559992298892,0.0172701383666084)
(0.00630774985380096,-0.0166214651211749)
(-0.00636233201118569,-0.0163870827021559)
(-0.00923333662319642,-0.0145787210688028)
(0.0156925269564425,0.00983921067037322)
(0.00026888825392788,-0.0176396056932581)
(-0.00168030288007892,-0.0177302092646426)
(-0.0018812822943948,-0.0177036796019264)
(0.00287027381208379,-0.0171139601725152)
(-0.0159845382687746,-0.00751363684501279)
(0.0131537686525844,0.0122964340902519)
(0.0081225665048652,-0.0151469183390584)
(-0.0172711445591299,-0.00348552510731511)
(0.0143234060899909,0.0107042684634879)
(-0.00318350285785218,-0.0171831060080718)
(0.0155354655890767,0.00869252890839502)
(0.00513460541090645,0.0162215410640584)
(-0.0163213893952961,-0.00620923311732406)
(0.0167750657926975,0.00491871024625127)
(0.010160591326256,-0.013294126726096)
(0.0136531185412183,0.0109161727662053)
(0.00420161599435885,-0.0160680239372204)
(0.0157402473610961,-0.00539465104869373)
(-0.0018238494807226,0.0166432179029499)
(0.0110592673173537,0.0126744693041351)
(0.0159984045801777,-0.00213069363177152)
(0.0165183506607124,0.00267669703013207)
(0.00742966542449452,0.0147382417055196)
(0.0057031041546744,0.0154834670292795)
(0.00358879667337156,0.0158429940823062)
(0.015596967221774,0.00452650715370405)
(0.00647688310040781,0.0145388807964082)
(-0.00333644455966535,-0.0159787090674538)
(-0.0102438545189316,-0.0129938166035076)
(-0.0156298921505606,0.00631454223732611)
(-0.0110080711634136,0.0126029300441438)
(-0.0102599137316014,0.0129803236048976)
(-7.19985899157459e-05,-0.0155185255084584)
(-0.00394632429296641,-0.0151730294050308)
(0.00172069748644115,0.0152247768560085)
(-0.0150351927265631,0.00671533693500016)
(0.00713633858477196,-0.0138799909711104)
(0.0105889329757563,-0.0113670746543845)
(-0.0120723464687892,0.0111696972955817)
(-0.0109193421085863,-0.0118087837972306)
(-0.0123144444109065,0.0106962994778933)
(-0.0151652185826252,-0.00745035805452216)
(0.012203478989687,0.0100149815540352)
(-0.0118175012206325,0.0106037377069391)
(-0.016165259472995,0.000157554959498508)
(-0.0158910443028266,-0.0056133423498748)
(0.00993420892603313,-0.0113321364440913)
(-0.0111841964580236,-0.0107213983813771)
(-0.0162691725184459,-0.00174483818955985)
(-0.0159901906807106,-0.00379936146813072)
(-0.0142758997729054,-0.00804054712078229)
(-0.0157057101676773,-0.00464775512710788)
(0.00561730135983082,-0.0138819967428439)
(0.0151935555414547,0.00261795039401727)
(-0.0117055685247797,0.0101797311060024)
(0.0121116866165244,0.0097317623929205)
(-0.0101241567342096,0.0114230834844562)
(-0.0156517731340256,-0.00221302941584803)
(-0.0150764275039892,-0.00553405359878222)
(-0.0140115080025737,-0.0075455486205049)
(-0.0139485988479839,-0.00755595577812703)
(0.0138766503134675,0.00636678508376459)
(0.00270369893972715,-0.0147802978434823)
(0.0106648964356528,-0.00902339934204323)
(0.0140347534157337,-7.95867751943373e-05)
(0.013982708817884,0.000373810722668967)
(0.0104702512753222,-0.00873367631388313)
(0.0139124425859529,0.00111059353732674)
(0.00488994115137767,-0.0132385723785725)
(0.0131612323414865,-0.00287083385808893)
(0.0126608289110558,0.00499236671900159)
(0.0101624083794063,0.00940018979895116)
(0.00397550588887107,0.0141424364654853)
(0.00753101686110203,0.0115193410070314)
(-0.00168017055952974,-0.0142777113773106)
(-0.00250332552545767,-0.0143533693054664)
(0.00297048869480972,0.0135580011705289)
(-0.00438663947221825,0.0143137561816413)
(-0.00125415538480982,0.0142701843304454)
(-0.00541903114859462,0.0136537655775515)
(-0.000926912971176953,0.0137645417521465)
(-0.000264861997770103,0.0136347136851361)
(-0.00292362389422714,-0.0134289931659028)
(-0.0148418306832384,0.00248911826730568)
(-0.00513476469489245,0.013107077593056)
(-0.0154194257575717,-0.0014976672588654)
(-0.0134282144586009,0.00546165841103716)
(-0.0130096334224462,-0.0076926999893193)
(-0.0127682592260932,0.00635229371683663)
(-0.00778271908104874,0.0115477290897264)
(-0.009361919476142,-0.0110115214854863)
(-0.0109389849182275,0.00876680873753665)
(-0.0104661987004439,-0.00996696006615985)
(-0.0146807653483721,-0.00126478115568442)
(-0.00804942449236691,-0.0111602597094793)
(-0.01334335928309,-0.00609205348025031)
(-0.0131650048701969,-0.00627841194365154)
(-0.0135966911014656,0.00334926651927865)
(-0.00888065183375562,-0.0106382145105058)
(-0.0088745592186528,0.0102838827031949)
(-0.0051409214389514,0.0123221694664414)
(-0.00965875867261034,-0.00967092254825599)
(-0.0123632835911406,-0.00668472701535862)
(-0.0134609785924785,-0.00412833581236854)
(-0.00862206921541539,-0.0103109290538079)
(-0.0136186818827921,-0.000987721915644888)
(-0.00194979880774577,-0.013204907130973)
(0.00182365772356696,-0.0128792881059806)
(-0.00608991741106906,-0.0113360875232391)
(0.000370717060527814,-0.0129060379655887)
(0.00399115511961517,-0.0120655358673594)
(-0.00111166307474358,-0.012603732139945)
(-0.00479745845107068,-0.0114808989765012)
(-0.0110334623318561,-0.00630898075695536)
(0.00934576124934189,-0.00874153161515325)
(-0.00987901404935926,0.00827417023171759)
(-0.0123837951711603,0.00195307994751393)
(0.00726408943488787,-0.00997926778977618)
(0.0104162434787703,-0.00765072859014518)
(0.0119569969021517,0.00625390069443819)
(-0.00917912308504435,0.00857626111899247)
(-0.00722124955528427,0.0104009134459536)
(-0.00365680722776932,0.0124037413816673)
(-0.00423545885385186,0.0122044652365672)
(0.00556187320256004,0.0115790677289249)
(0.0104144533784276,-0.00679937311924377)
(0.0110153901784408,-0.00586404921179119)
(0.00908663286315937,0.00904496834288474)
(-0.00122213406288475,0.012631372281575)
(0.0113476025071462,-0.00482220440346214)
(0.0125785379988337,0.00289331312899743)
(-0.000496514073358858,0.0127273858755303)
(0.0123079593218088,-0.00269042798653919)
(0.0124742362759813,-0.0022947221814002)
(-0.00521611660153855,0.0112349110725583)
(0.0119935043754189,0.00418617526645493)
(-0.0089333019816173,-0.00840886501463988)
(0.0100284846645966,-0.00640209686278907)
(0.0121637025227589,-0.00154190690475929)
(0.0124080542075911,0.00132210808745392)
(0.000296584278147539,-0.0118659147761371)
(0.00396773655767347,0.0112710155519798)
(0.000954709325744391,0.0119047369372984)
(0.00248945086808975,0.0115797364888074)
(-0.0120333943315753,-0.00217120613369146)
(0.00960898016819168,0.00688671254211175)
(0.00929263721955588,0.00729953126879229)
(0.011792847991788,0.00106806586756934)
(0.0113362975417718,-0.0013301075401904)
(0.00971366655893108,0.00619688264238046)
(0.0113654855898711,0.0016689239568833)
(0.00538808325384125,0.00991795415122695)
(-0.00257260008552541,0.0111738815080904)
(0.00976335199788451,0.00579866776313818)
(-0.00303756320857029,0.010719929822237)
(-0.00763688389602724,0.0083984264482798)
(-0.00513447434475534,-0.0104261776390688)
(0.00284567690938208,-0.010913336243732)
(0.0101192936712513,0.00451177846200096)
(-0.00334500963460326,0.0102914554469906)
(-0.00925185426024375,0.00678687139505405)
(-0.0114277896970987,-0.00312805185068088)
(-0.0085815637150448,-0.00764173495411019)
(-0.00701363557928803,0.0085790717956799)
(0.00462663947571872,0.00918706044250157)
(-0.00584087011983998,-0.00971339985129028)
(0.0108625150428196,-0.00193996556128587)
(-0.00599808372352121,0.00885483567340187)
(0.00307588701299708,0.00954152115428289)
(-0.0103897183500252,0.00459452420388622)
(-0.010051196614781,0.00502499263357149)
(-0.0112370186578785,0.00180473561795075)
(-0.0107506653393538,0.00319247585440762)
(-0.0053376305554834,-0.00967644659594886)
(0.00896755321004105,0.00536427405450963)
(0.00713989657885338,-0.00785987173854844)
(-0.000961812162559597,-0.0109259460677985)
(0.0104159983114291,-0.00158838363468716)
(-0.010593234427676,-0.00302563286466389)
(-0.0094036460923978,-0.00572708340101588)
(-0.00709692278196415,-0.00783741137707219)
(-0.00960734009069522,0.00465350440960167)
(-0.00981599312007921,0.00427499639591165)
(-0.010906201972762,-0.000327417945640864)
(0.0102212671838224,0.00240170655862429)
(0.0102019277684181,0.00155681350270471)
(-0.00901208413315295,-0.00575198783798627)
(-0.0087524575011993,-0.00598829947128639)
(0.0089894310470334,-0.00458659727142367)
(0.0051094081203095,-0.00889333104595218)
(0.00240659243608464,-0.00999785845636139)
(0.00774202868893108,-0.0064665715134052)
(-0.010563248576508,0.000944851066005384)
(0.00973849960064438,0.00288403272969468)
(-0.00061939229518595,-0.010362765704028)
(0.00825423235043906,-0.00565229560879263)
(0.00803500506113606,-0.00601390594474819)
(0.00465275832321536,-0.0086579552272666)
(-0.00399473893389112,0.00927452254326204)
(0.00065794463547662,-0.0100414178542958)
(-0.00118797383860959,-0.00922920386001645)
(-0.000332751456359987,-0.00900542723186559)
(-0.00995084529467541,-0.00208730946144715)
(-0.0099078930544592,0.00303570016696832)
(-0.00368033362772784,-0.00870282363085548)
(-0.00924412618165909,-0.00432242547004598)
(-0.00940636916448848,-0.00288223930208397)
(-0.00959165139308058,-0.0017373106472117)
(0.00599432269891594,-0.00727661521514581)
(0.00645494745197543,-0.00698519601747801)
(-0.00780939198477527,-0.00495062817867285)
(-0.00971082848867949,0.00156117249330305)
(0.0074044455073643,-0.00624780339210851)
(-0.00958565210863249,-1.31559192959115e-05)
(-0.00952056556322258,0.00121372685916663)
(-0.00660356351304311,0.00753977449676139)
(-0.0077774485414973,0.00546877739475959)
(-0.00739064968682465,0.00583713611672344)
(0.00838291079844106,-0.00419865215984362)
(0.000937301817415556,0.00989796188773655)
(-0.00116875874819885,0.00976694551694667)
(0.00494334233182062,0.0086434117298242)
(0.00755144448600961,-0.0050730592657381)
(-0.00428729627045303,0.00848789149593105)
(-0.000691525220123026,0.00955750153947195)
(-0.0015177391535879,0.00945837341526288)
(0.00837815457165676,0.0053741575905667)
(0.00220693907641161,0.00938415041874799)
(-0.00277429268174783,0.00907629949363861)
(0.00705575723232694,0.00660691370132314)
(-0.00200213546091549,0.00919806798057885)
(0.00971854651550003,0.000291841901717561)
(0.00226004605746888,0.00915521909515149)
(0.0089805301936444,0.00429503070178071)
(0.00755227206765794,0.00578969606318453)
(0.00643624362283427,0.00679073747249485)
(0.00522406776128701,0.00767341666370133)
(0.0089859101660853,-0.0015975252571941)
(-0.00469322327613778,0.00775321043691224)
(0.00813440870002577,0.00460289312642099)
(0.00912006497202788,-0.000376911710596029)
(0.00236195738780035,0.00882597698994636)
(0.00910238202133035,0.00197071214427627)
(0.00910893642669559,0.00157184628548487)
(0.00910734031645464,0.00080602915212004)
(0.00828165776165826,0.00400143497061751)
(0.00894578459673644,0.00154477233205353)
(0.00839612617609329,0.0035537575984124)
(0.00859878191288991,0.00277498168857816)
(-0.00808642667076264,0.00424583321827783)
(-0.00847766763375107,-0.00328636902794309)
(-0.00878561662910856,0.000355947010778782)
(-0.00790821031353626,-0.00421949846998784)
(-0.00656639971982333,0.00593666579848871)
(-0.00508645887141564,0.00704322829563491)
(-0.00830601391080173,0.00166947887166369)
(-0.00690122905659398,0.00489816089083416)
(0.0035783672365262,0.00784205171420837)
(0.00545579908699914,-0.00654330189871632)
(0.00484798004566681,-0.00697229539565214)
(-0.00603730786355437,0.00565576749649784)
(0.000151947541394157,0.00876231104055883)
(0.00891822967446566,0.000491518515212573)
(0.00749034057122174,-0.00441611420391947)
(0.00434443447369886,-0.00702383463183016)
(0.00698875687078316,-0.00493408172368327)
(0.00614720799350905,0.00581296783963335)
(-0.00696942327144244,-0.00491624236311847)
(0.0066834998122532,-0.00495499156365864)
(0.00815140070998852,-0.00246923312049845)
(-0.00757655524205953,-0.00326031872265493)
(0.0081598731189004,-0.00198492641540138)
(0.00769162918306424,-0.0031809267008927)
(-0.00670533815470172,-0.00465985004985257)
(0.00539220543171005,0.00651692344109963)
(-0.00148621189267243,-0.00818680509137532)
(0.000776189407001685,0.00846951875834914)
(-0.000973289171477438,-0.00806841815570882)
(-0.000281678358729248,-0.00805331773193351)
(-0.00141843574906982,-0.00794250838277559)
(-0.000594297857654289,-0.0079842591987317)
(0.000669599691276109,0.00837170248979572)
(-0.00480544298217661,-0.00626525917988406)
(-0.000986227806904305,0.00820497901018507)
(0.00719246491758019,0.00428100173784202)
(0.00835612977554064,0.000301617386634775)
(-0.00134990493400409,-0.0077433933469673)
(0.00702206785292449,-0.00397175206549018)
(0.00541271552275759,0.0061890843672387)
(-0.00248813089592598,0.00767839617420253)
(0.00631781058343223,0.00514435857370585)
(-0.00417899216721574,0.00682224821282347)
(-0.00771034268662826,0.00192911646167257)
(-0.00596402826813544,0.00522441615847844)
(-0.00718647064520117,0.00328135289769894)
(-0.00504769534652773,0.00596494207200473)
(-0.00780159406289248,-0.00060752384265542)
(0.00532988414220453,0.00592133687006966)
(-0.00774403802591611,-0.00171922628923796)
(-0.00756175829045758,0.00145650264573188)
(-0.00743384466209535,-0.0025042926370846)
(-0.00765826512048666,-0.00136810342605538)
(-0.0059764608966982,0.00479369063989954)
(0.00427292760583789,0.00662860432111428)
(0.00561288568270218,0.00542860956159665)
(0.00727929724229177,0.00337323229336693)
(-0.00641815440848458,-0.00426814154163828)
(-0.00106148200239242,-0.00763541679997918)
(0.00357062303255165,0.00680997599132753)
(0.00385506652644346,-0.00657827113407558)
(0.00708470058422307,0.00328791772942)
(0.00763749639898978,0.00209211651262792)
(-0.00737704476221166,-0.00192214416233477)
(0.00735343101084686,-0.00222917973617098)
(0.0010016697397571,-0.00730791205135525)
(0.00403077799287012,0.00634961198020791)
(0.00670248346398282,-0.00326910502576415)
(-0.000871576353285616,-0.00738294516163706)
(0.000907236077985156,0.00756297206993731)
(0.0075830109919715,0.00163762999037119)
(0.0039079764374102,-0.00629797071809014)
(0.00587991140396043,-0.00431145250943926)
(0.000179063248273843,-0.00738033328712792)
(-0.00668062398698122,-0.0032969798112286)
(-0.000623507037984276,0.00749139365218309)
(-0.00382602969186886,0.00647798934009759)
(0.0039585977244387,-0.00600156281681985)
(-0.00237092519044916,0.00707118495822816)
(-0.00595987016628215,-0.00424765421518583)
(0.00746479427861838,-0.000676523189530711)
(-3.45321845830974e-05,-0.00723470983191091)
(0.00733399920668626,-0.000888536816285792)
(-0.00180439893956776,0.0072139325092478)
(-0.00494967359635135,-0.00515007180991991)
(-0.00714192713236787,0.00207081534858247)
(0.00643725262354619,0.00352663185528484)
(0.00699536545533178,0.000727488278321087)
(0.00612885243445157,0.00362936703891437)
(0.00509613484991952,-0.00473530825646606)
(0.00573602720760811,-0.00389542601212354)
(-0.00311003006663867,0.00656919445647286)
(-0.00272702334450503,0.00667770029321638)
(0.00288336839875925,0.00657127766726761)
(-0.00309944016412051,0.00635931539598325)
(-0.00726728189283363,0.000875556924962925)
(-0.00722571081094855,0.000661157515466284)
(-0.00215104892332227,-0.0067490380344373)
(0.00103180690222549,-0.00692124496819296)
(-0.00616840903482993,0.00376415140706544)
(0.001403747468883,0.00676592205557912)
(-0.00711517041304273,-0.000907319772141563)
(-0.00707866810898615,-0.00158850481195504)
(0.00508163290692104,0.00462972008621649)
(-0.00600444614784375,0.00370723093650271)
(0.00241760831362682,0.0064834025381088)
(0.00145450385073907,-0.00656650510724923)
(-0.00312653702137167,-0.00604736212726211)
(-0.00462903586448956,-0.0049405926536307)
(-0.00326635751470709,-0.00587035354524736)
(0.00283203432437898,-0.00596253200999963)
(-0.00642988349817129,0.00269925779099649)
(0.00572233452104692,-0.00336119375667061)
(-0.00214800810886589,-0.00632623599708519)
(-0.00474898401828305,-0.00475609137333462)
(0.00182178360253965,-0.00626956374366794)
(-0.00482985421147664,-0.00445806699657169)
(-0.00664392301076513,-0.00149747229313362)
(0.00670690495294265,-0.000137764173227487)
(0.000120567247638671,-0.00648811745219436)
(0.00103596721716693,-0.00626450815725528)
(0.00148027720192123,-0.00608584698191277)
(0.0049808715283125,-0.00385620707948826)
(-0.00260598610503424,-0.00588402473034597)
(-0.00229081672298915,-0.00601869733037617)
(0.00465873997834177,-0.00398923678137402)
(0.00629420069897874,-0.00082850798619571)
(-0.00395379803657226,-0.00490208160686119)
(-0.00650258176622257,-0.00159281070720535)
(-0.00181982152065012,0.00652202433703238)
(0.00634906157078682,0.00187859485488973)
(0.00632412854373381,0.00170797240193558)
(-0.00391327291525288,0.00531997322986012)
(-0.00585160197158199,0.00309290166828593)
(-0.00647057691775996,-0.000679566693083141)
(-0.00493198891337201,-0.00411761106697602)
(0.00499336367895948,0.00460291099854669)
(0.00604558302817744,0.00223581456656861)
(-0.00598561202772125,0.00255192724570265)
(-0.0059185700735203,-0.0025265117521032)
(-0.00304773611981638,0.00556807198103422)
(0.000618114234922712,0.006505804253432)
(0.00332179313743834,0.00562016258688222)
(0.0046457322954393,0.00455897430374236)
(0.00218906412935793,0.00606711160995008)
(0.00100454687868279,0.00641895712919443)
(0.0042240446246742,0.00468614913585669)
(-0.00608999939902363,0.00192676576401083)
(0.00527121321036237,0.00358208097860549)
(-0.00134813941916626,-0.00602053079216988)
(-0.0044430179514815,0.00434313739114168)
(0.00420812688109145,-0.00424441512697351)
(0.000942233676840749,0.00634411776651007)
(-0.00510379462408754,-0.00353176556295189)
(0.00121471483268358,0.00613703374721715)
(0.00342080799888873,0.00513718526938629)
(-0.00540524185193846,-0.00296958334583017)
(0.00168831770631838,-0.00552141466223158)
(0.00356561086240519,-0.00464313162626363)
(-0.00136791539113759,-0.0057629581019026)
(-0.00272877913897324,-0.00521386173952847)
(0.00602328470231684,0.00102727240576907)
(0.00598930785280358,0.000314898511820668)
(-0.00455614309118731,0.00422294724045852)
(0.00565437713606661,0.00210959303556076)
(-0.00226230504866297,0.00560241459505096)
(-0.00349848916942128,0.0049379322672922)
(0.00270315853397622,0.00552894565989046)
(0.00577170849361132,-0.00155974304172773)
(-0.0056249748031047,0.00252928261747949)
(-0.00564076540001576,0.00243146695683621)
(0.00523817224311469,0.00311421771056522)
(0.00502259970598468,-0.00276088039234789)
(0.00411995171575707,0.00441460295244267)
(0.00417781878795337,-0.00377969041515212)
(-0.00515778403580639,0.00296936800569065)
(0.00416528901809855,-0.00373585486717694)
(-0.00376386149302079,0.00442129715224858)
(-0.00403212197958927,-0.00432621479642998)
(-0.0010428392278372,0.00557971553526842)
(-0.000638426388164392,0.00567113995620042)
(-0.00430525726687319,-0.00409242263418748)
(0.00476202841968259,0.00342140664878692)
(0.00439327381838895,0.00378319532473522)
(0.00547989027645224,-0.0015029938060188)
(-0.00574027181441503,-0.00220731304210952)
(-0.00608384037296187,-0.000271083036376144)
(0.00499642295805092,-0.0024286415136234)
(-0.0059447650172901,-0.000211881704198787)
(0.00235011980811432,0.00531248851403733)
(-0.00598138767552524,-0.00126115785139975)
(0.0053305338019348,-0.00167223318933222)
(-0.00497974835303067,-0.00297329111480549)
(-0.00585322578339427,-0.00133631830165048)
(-0.00442896290166153,-0.0035632804912427)
(-0.00564827012191415,-0.00167454425651322)
(-0.00575707913041155,-0.00119514857623829)
(0.000768571324186076,0.00555686923895506)
(0.00128709542280542,0.00541154269615439)
(-0.00262227536764198,0.00503502017407042)
(0.00388613650303397,-0.00387400127955933)
(0.0031975383077253,-0.00452719862223507)
(-0.00540842750925217,0.0020886092460982)
(0.00569381946900899,0.0010142355745208)
(-0.0054540288702124,0.00198671090099597)
(0.00150526941167124,-0.00515975368802408)
(0.0056025018037942,-0.000199317347855537)
(-0.00139500359769167,-0.00544519364531594)
(0.00557936940228232,0.000705793456177607)
(-0.000489967058727125,-0.00559962365082979)
(-0.00219570534873284,0.0050797017824528)
(-0.00117846549459352,-0.00540982757927437)
(-0.00062820391807086,-0.00552720511852675)
(-0.00576057177943844,-6.38297588551596e-05)
(-0.00408338538672541,-0.00372114579071323)
(0.00515501600932424,0.00210123319235622)
(-0.0018057177142211,0.00512805740861913)
(0.00314059482136014,-0.0042740967294431)
(-0.00212464641848738,-0.00496484970635962)
(-0.00560733658356752,0.000398120479054391)
(0.00541695342865455,-0.000328176323860619)
(-0.00041611743950424,-0.00538234753823937)
(-0.0053785895929664,-0.00160198652648444)
(0.00320174614296945,0.00434194477730268)
(0.00343327090964335,0.0041912903062244)
(0.000574195945764258,0.00530415618255983)
(-0.000283027901878078,0.00515303078668818)
(0.00535067535489536,0.0011438146690637)
(0.0041679853821457,-0.00298503986965585)
(0.000247080978454249,-0.00526540907131319)
(-0.00213350827055904,-0.00484988977396608)
(-0.00370924583620042,0.00358107569104928)
(-0.00133730927748282,-0.00509456592790711)
(0.00539750013006537,0.000114578772992307)
(-0.00250794229194816,0.00455896850323105)
(-0.00325513387243489,-0.00403174395582287)
(0.00495175443836734,-0.00134710021756254)
(-0.00523994356686814,-0.00144512814723138)
(-0.00274808545701035,0.00438000106815047)
(-0.00531716946967866,0.000592267441576337)
(-0.00415176774100375,-0.00305717228016213)
(0.00422360910645057,-0.00252222937189911)
(-0.00516322466588492,0.000995716145126982)
(0.00023074776347871,-0.00508439292387624)
(0.00521259532227095,0.000463319491146603)
(-0.0029663267947687,-0.004110684227275)
(0.00515504552074974,-0.000325180830277338)
(-0.00398124496989054,-0.0031927858814724)
(0.000407425072663467,0.00501523492775659)
(-0.00180613160382849,0.00467991067472197)
(-0.000162635734209256,0.00497593338210118)
(-0.0046535672402929,0.00224062579846971)
(-0.00495474583281258,0.00170812000544517)
(0.00345601658097925,0.00376105134839192)
(0.00203072770502232,0.00448826042817404)
(0.0045949656741791,0.00232884937574006)
(0.00413308927429024,0.0028671908689195)
(0.0050834126055024,0.000784693337175263)
(-0.00401847907229281,0.00289551081069347)
(0.000765226126589693,-0.00489780936343798)
(0.00421062823986511,0.00259548340346022)
(6.13173402951806e-06,-0.00503188473879339)
(-0.00185491904328271,-0.00461710194374689)
(-0.00355009026326526,0.00329997289857711)
(-0.00437011113469424,-0.00272678683797391)
(-0.00125614473006349,-0.00488694884228627)
(0.00386144807660565,-0.00267613103425828)
(-0.00492868796033439,-0.00153475592527766)
(0.00302186122591724,-0.0035065668000135)
(-0.00325677986972503,-0.00345203185838759)
(0.0048466143155983,-0.000676920146074635)
(-0.000592314651395893,-0.00493772477071528)
(-0.00137080273127111,0.00464613071842049)
(-0.00500840803166439,-0.0009711765412908)
(0.00278989065778451,0.00391321208148407)
(0.00490687794924219,-2.63189543740929e-07)
(-0.00438803939226438,-0.00225530736951951)
(-0.00431339681008632,-0.00235516589893081)
(-0.00396543727408503,0.00253802645458768)
(0.00162283302145456,0.00432362451633862)
(-0.00354514013385135,0.00288216835715423)
(-0.00427236111826807,0.00191252074585607)
(0.00017679318279962,0.00448302705846024)
(-0.00137901576953878,0.00436245031163938)
(0.00213447748096418,-0.00404064408094812)
(0.00315723848159307,-0.00313694547791577)
(-0.000792904067530773,-0.00473337730515033)
(-0.0013154862951328,-0.00458133135795501)
(0.00395306525155319,-0.00208349962118641)
(-0.000123542593850365,-0.00464070896565614)
(-0.00221883011562654,-0.0040629935392763)
(-0.0044315989140419,-0.00169882471485165)
(0.00280182317038394,0.00356118526959639)
(-0.00461778028915698,-0.00122061911322065)
(-0.00263723880008622,-0.00366968826388303)
(-0.00340417306232389,-0.00295018608593084)
(0.00344472726666572,0.00296016751761732)
(0.00442048515401762,-0.0012374721153328)
(0.00146846115173188,-0.00417145779208458)
(0.00462611484274757,0.00118356471370629)
(0.00450987141454394,-0.0009632194157932)
(0.00159317914236702,-0.00404658023218702)
(0.00417873902099123,0.00177152696992444)
(0.00478257169897579,0.000378032974940383)
(0.00402168221671181,0.00202521666793127)
(-0.00474943414379198,-0.000730674204472313)
(0.00458222106579799,0.00097638015842893)
(0.00468565853717905,0.000523438106843925)
(-0.00365914579484473,0.0023046414885289)
(-0.00469252091255991,-2.34390866630433e-05)
(-0.00198770647354706,0.00382232321773234)
(-0.00184912985325228,-0.00399289484772342)
(0.004482425768137,-0.000594687917943683)
(0.00352319716368875,0.00240870248753657)
(-0.00304437208186006,-0.00283835829014051)
(-0.0044139988883868,-0.000992358746552134)
(0.00443824146901288,-0.000607861985288971)
(-0.0041955749589577,0.00120824104687134)
(-0.00163526125593162,0.00401968286983881)
(-0.00431483127367778,0.00054354976062683)
(-0.0023188240550065,0.00340327035645636)
(-0.00256769667260033,0.00318393337884051)
(-0.00410991729795127,0.00095161913042734)
(-0.0016483478868586,-0.00414962116060823)
(-0.00187942698703811,0.00365065464881579)
(-0.00423085779882533,0.000224266495396023)
(0.00444843780876653,-0.000218256279502255)
(-0.00399989007226663,-0.00166830864545585)
(-0.0036625497328916,0.00155313238138412)
(-0.00278445232323991,0.00259464391455371)
(-0.000923628875644179,0.00394332634501134)
(-7.576115535501e-05,0.00417026529795038)
(-0.00349763066317264,-0.00209099959696561)
(-0.00384521237887492,-0.00140947072413182)
(0.00421809611724775,0.000690555730197333)
(0.00355999940180388,0.00213152202136232)
(0.00364303968443721,0.00178026534509061)
(0.000263541521139424,-0.00432342533678136)
(0.000171258638599732,0.00392452404487103)
(0.00291651582456278,0.00287831295894611)
(0.00282756185220234,0.00292852115901497)
(0.00153158525000729,0.00385565806931557)
(0.00190385150135771,-0.00365699805025526)
(0.00397819911183141,-5.77122522069236e-05)
(0.0023916320113884,0.00333959360192823)
(-0.000682100594103748,-0.00435241880531868)
(0.000996889271537939,-0.00408219853160903)
(0.00201750042966064,0.00348893441856896)
(0.000686998028291433,0.00369381469171437)
(-0.00178144297041308,-0.0037316856988871)
(0.00307561480178142,-0.00227223420726517)
(-0.000349864299946988,-0.00433431769938655)
(0.00177041601750823,0.00359502977533622)
(0.00280369842740092,-0.00269006869807123)
(0.00104261409693765,-0.00402852713969515)
(-0.000592827317854534,-0.00427230403071786)
(0.00123723415183787,0.00365197757585286)
(0.00200653482319884,0.00331858615484211)
(0.00187619403241502,-0.00339873790044152)
(-0.00021167874105617,-0.0041747237240592)
(0.00272147498200273,-0.00249593417838083)
(-0.00111524615511023,-0.00383061469636133)
(-0.000296675484889104,-0.00406917592416334)
(0.00199915112968303,-0.00303579758555907)
(0.00181087911851079,-0.00318326444398118)
(0.00102442049482569,-0.0036237832641914)
(0.000960541330288927,-0.00355191958595472)
(-0.00304712804639796,0.00244106904780421)
(-0.00222587447616422,0.00303563873538886)
(0.00388414761402995,0.000247936771798436)
(-0.00300887028639936,-0.00252136119050853)
(-0.002469018265777,-0.00305361903659028)
(0.00318947461029142,-0.00172862375846975)
(-0.00274049275793885,-0.00280617997995117)
(0.00245429452482839,-0.00271499593659264)
(0.00337103776106755,0.00194161731030086)
(0.00287625433600726,-0.00219008172013695)
(0.00310140591580818,0.0022216639152598)
(0.000621187665715581,-0.00370715371836086)
(0.000460846873157074,0.00363030453802514)
(-0.00107695317698721,0.0035207255424655)
(-0.00330461077409596,-0.00214661157152922)
(-0.00392666892403878,-0.000664730837638632)
(0.00366546294691887,-0.000462754997540048)
(-0.00250284363745712,0.00275870091395938)
(-0.00291382397015435,0.00238109247669479)
(-0.00277997683985902,0.00247315084099527)
(0.00335847553610779,-0.00120304491126997)
(-0.00379590581451927,-0.00109920520084876)
(-0.00147636559481464,0.00327858286223247)
(-0.00112887713233132,-0.00362406825584108)
(-0.00375778692906458,-0.00138250527197487)
(0.0030896082953264,0.00205425658526356)
(0.00328994978071957,0.00167781387908081)
(0.00224843396292847,-0.0025672600581295)
(0.00311867354339785,-0.00149553005067925)
(0.00189016567948735,0.00295843688055399)
(-0.000248733641245098,0.00349088916198868)
(-0.00331966451035177,0.00157727058334091)
(-0.00383709711673974,4.838144595071e-05)
(-0.00354157277403708,0.000993718729755573)
(-0.0037534680845362,-0.00095667745349026)
(0.00345263900866871,0.000965016265867061)
(-0.00254595104760348,0.00254803628740049)
(-0.00245067931287912,-0.00276803258062786)
(0.000145082538163584,-0.00341250610275522)
(-0.00232120433518949,-0.0027774384553667)
(-0.00107012297222355,0.00324549418281884)
(-0.00314928725376109,-0.00193743563592227)
(0.00235735632818889,-0.0022131424419178)
(0.00341078640417096,-0.000459527329456794)
(0.0033542188919897,-0.000675669138600608)
(0.00314210449061381,-0.00106072995092774)
(-0.00313793106291147,-0.00180555115997578)
(0.00259008049647173,-0.00191356087597245)
(0.00253054327029702,-0.00198705901393352)
(0.00330958131784814,0.0011227755261805)
(0.00201862776931748,0.00263622551460615)
(-0.00362837951475805,0.000429773511838397)
(0.000813064276097935,0.00316208952778977)
(-0.00096779849831987,-0.00337702906067405)
(0.000204985394245584,0.00327876427814495)
(-0.00295505171644754,0.00181749372579253)
(-0.00119000561228015,-0.00328411860332558)
(-0.00179230079392885,-0.00301567187078239)
(-0.00183619766610306,0.00276343849044718)
(-0.000780119433464594,0.00320585658531254)
(-0.00297759474066989,-0.00204048393525276)
(-0.00155615535549388,-0.00307058972075517)
(0.00309314433773493,0.00130774598738257)
(-0.00107341860932064,0.00310096542621408)
(-0.00344767748225368,-0.000804457022721518)
(0.00253150998495324,-0.00167721796314609)
(-0.00207512171992698,0.00247330960009103)
(-0.0027305420278639,-0.00206914430786238)
(-0.00298769675321648,0.0013817443635087)
(0.0022420850298678,-0.00191573980036164)
(-0.000447059901072259,0.00312786001525211)
(0.00167801100043867,-0.0024441951755986)
(0.00103595327368421,-0.00275200979394824)
(-0.00189375317543867,0.00253492060165774)
(-0.00160719830930726,-0.00287829722298892)
(0.00171560075088629,0.00257924421723738)
(0.000148472363636342,-0.00308074834253239)
(0.00321753501862222,0.000171046413638808)
(0.00293030167722671,0.00141832060580337)
(0.00101610149398206,0.00289160537123042)
(0.000954798983842954,0.00288449395676)
(-0.00148548850279489,0.00267817758011297)
(0.00291347310582728,0.00132245289341448)
(0.00307428922596544,0.000148175331966765)
(-0.000150168511188898,-0.00305487529014845)
(-0.00312086487923768,-0.00118890916500244)
(0.00307478009700781,0.000261623591611049)
(-0.000360880354588374,-0.00302952734899622)
(-0.00275463264370619,-0.00177284100590309)
(-0.00268027737479928,-0.00187232922770239)
(0.00116053308883741,-0.0025987933470873)
(-0.00137976766326376,-0.00264896043036907)
(0.000510655136867915,0.00292581129047377)
(0.00281940202930407,-0.000470600994443728)
(0.00289789586309366,0.000662779100325731)
(-0.00299803947846418,0.000998673050248537)
(0.00271100345159922,0.00110274155041957)
(0.00233579062757044,0.00161088906303957)
(-0.00321646985223427,-0.000187611722983192)
(-0.002026282673546,0.0022450842599571)
(0.00280125686450418,0.000799156106953469)
(0.00231880645949146,-0.00138133831858283)
(0.00127598729889839,-0.00232449777132026)
(-0.000142699694350506,0.00294032707897826)
(-0.00319419162524242,1.0632935626917e-05)
(-0.00268484982420195,-0.00139102175892401)
(-0.00240449299601101,0.00182019022110275)
(-0.00269555009339212,0.00121788569914199)
(-0.00092917938460304,0.00278111495877488)
(-0.00263816972090097,-0.00126988225270818)
(0.00280789929606335,0.000409420563999925)
(-0.00223823292122343,0.00176055310920592)
(-0.00310224415135749,7.98858863899876e-05)
(-0.000335670512481347,0.00281739933952014)
(0.00238810030732893,-0.00115700403871764)
(-0.00102064825852633,0.00261831619121494)
(-0.00205426401343529,0.00185286770112283)
(-0.00191522744526631,0.00195245844819717)
(-0.00184343558916567,0.00194701738737067)
(-0.000558457045495936,-0.00277463583827235)
(0.000496073852483224,-0.00259700885384057)
(-0.00188960107828746,-0.00199021455370856)
(0.000421660188188709,-0.00245851544423405)
(-0.00231704446743248,-0.00142216073399108)
(-0.000406361838268205,-0.00246538361624637)
(-0.0030583046480131,-0.000369091175613737)
(-0.00120297434628051,-0.00234934765003572)
(-0.0012622612009228,-0.00223951268579704)
(-0.00296102153689402,-0.00036553940784324)
(-0.00280921160940538,-0.000860959998306635)
(0.00259088482452476,-0.000447830962505036)
(-0.00129870897806143,-0.00217026576511498)
(-0.00272873956705357,-0.000993255370837741)
(-6.10859417552815e-05,0.00269666672120578)
(-0.00285591195647274,-0.000530454622802004)
(0.00267342882394775,3.82068472428027e-05)
(0.00136890688139898,0.00231208430463909)
(0.00156336407474102,-0.00145050767129144)
(0.0014403279182649,0.00220024343721422)
(-0.00108258262686545,0.00243953516153706)
(-0.00287055346495138,0.000324739427783904)
(0.00191646620354362,-0.00117887129138967)
(0.00190597706399585,-0.00122692862172155)
(-0.00143012522068574,0.00215724591066738)
(0.00258701109435473,0.000458514222699307)
(0.000705920953302805,0.00245197982232445)
(0.00223563771211001,-0.000560375566483275)
(0.000521113071704851,0.00245515602810419)
(-0.000141685865545428,0.00238883600626001)
(-0.0021824636985678,0.00132755089893132)
(-0.00256218956395937,0.000676443501270072)
(0.00212681963688737,0.00150450650630442)
(-0.00237598892690828,0.000995935717202207)
(-0.00197936222926552,0.00156400483543838)
(0.000854081227130668,0.00220657678517305)
(0.00241061876206412,0.000879354959986978)
(0.00229404201659922,0.00130111963947788)
(0.0014773013605725,0.00180582270760863)
(-0.00261921311760197,0.000355743259980481)
(0.00231308764722231,0.00105376021602509)
(0.00221569398730672,0.00135007386910648)
(0.00226403507546632,0.00117609270073989)
(0.00221877818028332,0.00119287239030222)
(-0.00255506589106841,0.000110506955540984)
(0.00210195776717408,0.00124990410976535)
(0.00218892287679097,0.000379847694429076)
(0.00214426378431035,0.00010915514558685)
(0.00206455278958439,0.000585573120113196)
(0.00199878696007245,0.000952281862851103)
(0.000276214260066169,-0.00231305930372647)
(-0.00202844499992373,-0.0015448407224638)
(-0.0004208352151378,-0.00227518317636675)
(0.000684035599236178,-0.00207074476974753)
(0.00025219832541643,0.00225109221863962)
(0.00165564685460155,-0.000958716984614894)
(0.00123663473131438,0.00182025258077401)
(-0.00244328700848377,0.000381024530700564)
(-0.000665031355732728,0.0021109398187729)
(0.0013088473768507,0.00163495296708656)
(0.00131003105033699,0.00161017822961527)
(0.00191469188232839,0.00060940598575887)
(0.0018870314209717,0.000871203084202196)
(-0.00206075553048882,-0.00128002028627162)
(-0.00179657027879527,-0.0014505397581442)
(0.000904214862776366,-0.00177566715340365)
(-0.00229604495321447,-0.000861638518217415)
(0.00145413721584412,-0.00118520556772738)
(-0.00232636466283625,-0.000747091819731465)
(0.00094028109788007,-0.00162935834130111)
(-4.06450047341561e-05,-0.00214311953353309)
(-0.00215740653076825,0.000969187481693279)
(-0.000311386911866312,-0.00216647381328259)
(-0.00231878042777612,-0.000600590593694334)
(3.99511068882861e-06,-0.00205020247111666)
(-0.000852396633664809,0.00194882354474892)
(0.00185908204500365,-0.000286235433837245)
(0.00188540742126848,8.38698650485824e-05)
(0.000574835160814167,0.00197642950661519)
(-0.000241706528746173,-0.00207365714982416)
(-0.00174846818314938,0.00139523020525457)
(-0.00184538092426676,0.00135778700274239)
(0.000910917199956318,0.00180441131123218)
(-0.0016766229123555,0.00139576333885394)
(0.00139929113262865,0.00138134118120101)
(0.0016595446278187,0.00106128923594096)
(-0.000508031175325293,-0.00207423992825032)
(-0.0015189812908449,-0.00153085959048175)
(0.00124159862401011,-0.00108063717554534)
(-0.00233640684649479,-0.000324367145343879)
(-0.000129937782200205,0.00202078435928792)
(0.00167741957596354,-0.000229078266687276)
(-0.000621066827331827,0.00196472133096055)
(-0.00225367742046734,-0.000515380968575277)
(-0.00131238205229646,0.00162522794403776)
(-0.00212002503976888,0.0005444169785097)
(-0.00116230086523723,0.00166229352263511)
(-0.00164873784063188,0.00125859903178613)
(-3.53338233550946e-05,-0.00188862515917169)
(-0.000855534785223721,0.00179078504479971)
(0.00171615565099921,0.00068345514201942)
(0.00154572042508335,0.00107752313190781)
(0.00123119741656253,0.00136854898857248)
(0.00136548129148046,-0.000258786638070958)
(0.00160555438219378,0.00032988455171236)
(0.0011138292101949,-0.000655250928174098)
(-0.00114663648410701,-0.00147982530646019)
(-0.0019392059788973,-0.000933353734985275)
(-0.00201179208725591,0.000590573481317216)
(0.00148028794345257,0.000960974655794953)
(-0.00163576712742287,-0.00113518549566481)
(-0.00202532566191973,-0.000611723522089402)
(-0.00191109868368134,0.000424517345855754)
(0.000809534026871512,0.00151264676953953)
(-0.000854071833222055,0.00150530493018471)
(-0.00200793977755403,-0.00049203813946129)
(0.00146261024200853,0.000802820822103664)
(0.00108503123660003,0.00124321329201294)
(-0.00152155930685765,0.00110127462584442)
(0.000921286552134001,0.00133521528036343)
(-2.7595807776799e-06,0.00170097461844505)
(-0.000371341902738576,-0.00171730029236677)
(-0.00152706521765564,0.000992583191123416)
(-0.00192928824808609,-0.000344448249122103)
(0.000563499858017875,0.00161323105998637)
(-0.00164417762251001,-0.000869707930718574)
(0.00141702566755159,0.000834905430467597)
(-0.00149975438343323,-0.000944023328486187)
(-0.00142645416779918,0.000864726655572492)
(0.0012864235097108,0.000684699088031151)
(0.000795431252574757,-0.000997621692079036)
(0.00130586183398085,0.000462911455003545)
(0.000497553390143069,0.00153387003564535)
(-0.000117435049301574,0.00162369132417855)
(-0.000142158217920013,-0.00163529923896548)
(0.000754858339297817,-0.00100171090923682)
(0.00114594723027519,0.000734071638289874)
(-0.000525171025218953,-0.00153660162756421)
(-0.00193823869895947,-0.000284754332731313)
(-9.01491898472947e-05,-0.0015354836373234)
(-0.00100538011511838,-0.00130087819211636)
(0.000871708270338302,0.00108028863825036)
(0.000940940746683841,-0.000314794490146459)
(0.00103663243758174,0.000296615837197511)
(-0.00031895727793542,-0.00155354651404116)
(-0.00168511925123562,-0.000665992588750534)
(-0.000857793503726191,-0.00139849728408137)
(-5.82321612058603e-07,0.0014568368880229)
(0.000249097928848035,-0.00120625612666762)
(-0.000179546776775007,-0.00151449895126614)
(-0.00129382036774041,-0.000974878848150153)
(0.000784869718099718,0.00107422459141812)
(7.83151328943559e-05,-0.00122451078179483)
(-3.93364101045636e-05,-0.00125022906561866)
(-0.000702947324894043,0.00119123239508451)
(-0.00113753087349899,0.000931978433610521)
(0.000156789078283614,-0.00101899165628756)
(0.00070560376044416,0.000111447416668451)
(-0.00092057773017754,0.000990919185166345)
(-0.00150695086706026,0.000544715692932863)
(-0.000604932754210368,0.00107098055841341)
(-0.00142199858640028,0.000626854846654463)
(-0.00118122916473344,0.000780146566089149)
(-0.0016737361956396,-0.000524539479077783)
(0.000508256643032065,0.000790471107395223)
(-0.00168015725521532,-0.000149633451612668)
(-0.00112687298729552,-0.00105339321894025)
(-0.00151284819597093,-0.000675801051692289)
(-0.000198917778822194,0.00116736912719711)
(-0.00103887960550357,-0.00106892054049707)
(0.000351746900724213,0.000945849128673629)
(0.000260872560613198,0.00111357406086324)
(-0.000918839403401742,-0.00110421243559062)
(-0.0016555234694088,-0.000331155823900892)
(0.000126444266241517,0.0011291683294349)
(-0.00146797799290807,0.000135939642441236)
(-0.0014494721214413,0.000510756127703128)
(-0.00132970770588526,-0.000723082978851781)
(0.00043636375256722,-0.000520717411122174)
(-0.000589941363316402,-0.0010288835711422)
(0.000462002298373617,-0.000402250011877698)
(2.47136653858508e-05,0.00103314546106823)
(-0.0014741493880216,-0.000504511604210857)
(-0.00156145131285566,-0.000325771657281014)
(-0.00032798012685083,0.000934435551510532)
(-0.00126165579651847,0.000580080657309162)
(-0.000305152655469135,-0.000828278707371958)
(0.000221021628315736,-0.000492426137785495)
(0.000332489392391898,4.65997545670046e-05)
(-0.000190248719410846,0.000293559008285627)
(-0.000954490231624092,-0.000996265095630311)
(-0.00136600210189577,-0.00056273418533122)
(-0.00107923756939815,-0.000800978109854524)
(-0.00132106152158319,-0.000286044143437095)
(-0.00093688851505367,-0.000907626664770366)
(-0.000215346706053058,-0.000183117787961791)
(-0.000220223917123549,-0.000229614308544883)
(-0.000475224316648085,-0.000218385191488695)
(-0.000742410793199553,8.50007759011541e-05)
(-0.000999638861547108,0.000130591018541579)
(-0.000657949292507368,-0.00071750589615242)
(-0.000750094997769191,-0.000764257946416834)
(-0.000991807502371114,-0.000739157397015819)
(-0.00113179551286806,-0.000224212456774886)
(-0.00122205318446321,-0.000358403646238793)
(-0.000642623367110397,-0.000455585697539085)
(-0.00110033310173662,-0.000553508274122757)
(-0.000940894523132415,-0.000736539440084956)
(-0.00111007387135825,-0.000315513010222616)
(-0.00089561802835512,-0.000557563703040013)
(-0.000915256537339038,-0.000457135971468554)
